 H2 D+  state; canjp94
 VU JU VL JL A (s-1) TR.E.(cm-1)
      754
  0  1  0  2 .1591E+08 112581.10
  0  1  0  0 .2223E+08 112935.45
  0  1  1  2 .4370E+08 108437.63
  0  1  1  0 .6240E+08 108774.31
  0  1  2  2 .4664E+08 104529.16
  0  1  2  0 .7135E+08 104848.52
  0  1  3  2 .2395E+08 100850.79
  0  1  3  0 .4340E+08 101153.09
  0  1  4  2 .5730E+07  97399.75
  0  1  4  0 .1531E+08  97685.14
  0  1  5  2 .4515E+06  94175.17
  0  1  5  0 .3245E+07  94443.53
  0  1  6  2 .1450E+03  91178.47
  0  1  6  0 .4256E+06  91429.67
  0  1  7  2 .1150E+05  88413.92
  0  1  7  0 .2965E+05  88647.54
  0  1  8  2 .1532E+04  85889.11
  0  1  8  0 .4462E+03  86104.29
  0  1  9  2 .4420E+02  83615.68
  0  1  9  0 .8333E+01  83811.36
  0  1 10  2 .1780E+02  81610.68
  0  1 10  0 .4103E-01  81784.98
  0  1 11  2 .6242E+02  79897.35
  0  1 11  0 .1351E+03  80048.32
  0  1 12  2 .6650E+02  78509.20
  0  1 12  0 .1313E+03  78633.25
  0  1 13  2 .3675E+01  77492.43
  0  1 13  0 .2974E+01  77584.09
  0  1 14  2 .2111E-01  76912.33
  0  1 14  0 .1909E+00  76962.07
  0  2  0  3 .2055E+08 112354.62
  0  2  0  1 .1749E+08 112941.66
  0  2  1  3 .5657E+08 108228.75
  0  2  1  1 .4957E+08 108786.41
  0  2  2  3 .5954E+08 104337.46
  0  2  2  1 .5790E+08 104866.35
  0  2  3  3 .2948E+08 100676.02
  0  2  3  1 .3727E+08 101176.65
  0  2  4  3 .6365E+07  97241.89
  0  2  4  1 .1477E+08  97714.35
  0  2  5  3 .3157E+06  94034.15
  0  2  5  1 .3813E+07  94478.45
  0  2  6  3 .2390E+05  91054.58
  0  2  6  1 .6704E+06  91470.34
  0  2  7  3 .3192E+05  88307.63
  0  2  7  1 .7358E+05  88694.02
  0  2  8  3 .2801E+04  85801.18
  0  2  8  1 .2769E+04  86156.98
  0  2  9  3 .3186E+02  83547.22
  0  2  9  1 .5686E+01  83870.52
  0  2 10  3 .2626E+02  81563.20
  0  2 10  1 .2114E+02  81851.23
  0  2 11  3 .2470E-02  79873.61
  0  2 11  1 .1146E+01  80122.36
  0  2 12  3 .1044E+01  78512.74
  0  2 12  1 .1268E+00  78716.23
  0  2 13  3 .1976E+00  77528.86
  0  2 13  1 .2256E-02  77677.85
  0  2 14  3 .3962E-01  76992.24
  0  2 14  1 .8033E-02  77069.64
  0  3  0  4 .2330E+08 112076.19
  0  3  0  2 .1498E+08 112890.62
  0  3  1  4 .6353E+08 107973.61
  0  3  1  2 .4157E+08 108747.15
  0  3  2  4 .6720E+08 104105.11
  0  3  2  2 .5021E+08 104838.68
  0  3  3  4 .3261E+08 100466.19
  0  3  3  2 .3378E+08 101160.31
  0  3  4  4 .6349E+07  97054.31
  0  3  4  2 .1443E+08  97709.27
  0  3  5  4 .2007E+06  93868.98
  0  3  5  2 .4452E+07  94484.69
  0  3  6  4 .6411E+05  90912.12
  0  3  6  2 .9855E+06  91487.99
  0  3  7  4 .7346E+05  88188.61
  0  3  7  2 .1082E+06  88723.44
  0  3  8  4 .7529E+04  85706.53
  0  3  8  2 .3135E+04  86198.63
  0  3  9  4 .2000E+04  83478.55
  0  3  9  2 .5209E+03  83925.20
  0  3 10  4 .3605E+02  81522.82
  0  3 10  2 .5469E+02  81920.20
  0  3 11  4 .2586E+04  79864.87
  0  3 11  2 .2726E+04  80206.87
  0  3 12  4 .1354E+04  78540.64
  0  3 12  2 .3001E+04  78818.72
  0  3 13  4 .3117E+02  77601.50
  0  3 13  2 .3506E+02  77801.95
  0  3 14  4 .4441E+00  77126.85
  0  3 14  2 .9748E+01  77221.85
  0  4  0  5 .2485E+08 111747.35
  0  4  0  3 .1319E+08 112782.02
  0  4  1  5 .6806E+08 107673.61
  0  4  1  3 .3687E+08 108656.15
  0  4  2  5 .7257E+08 103833.41
  0  4  2  3 .4435E+08 104764.86
  0  4  3  5 .3475E+08 100222.29
  0  4  3  3 .3093E+08 101103.42
  0  4  4  5 .6418E+07  96838.08
  0  4  4  3 .1432E+08  97669.29
  0  4  5  5 .1367E+06  93680.53
  0  4  5  3 .4904E+07  94461.55
  0  4  6  5 .1277E+06  90751.95
  0  4  6  3 .1279E+07  91481.98
  0  4  7  5 .1009E+06  88057.46
  0  4  7  3 .1815E+06  88735.03
  0  4  8  5 .6650E+04  85605.84
  0  4  8  3 .5674E+04  86228.58
  0  4  9  5 .9971E+03  83410.34
  0  4  9  3 .4037E+03  83974.62
  0  4 10  5 .9532E+02  81490.06
  0  4 10  3 .8130E+01  81990.60
  0  4 11  5 .9361E+03  79871.96
  0  4 11  3 .1543E+04  80301.01
  0  4 12  5 .7854E+03  78594.28
  0  4 12  3 .7198E+03  78940.14
  0  4 13  5 .8093E+02  77712.62
  0  4 13  3 .7392E+01  77956.26
  0  4 14  3 .1539E+02  77419.64
  0  5  0  6 .2532E+08 111370.48
  0  5  0  4 .1209E+08 112616.46
  0  5  1  6 .7153E+08 107330.96
  0  5  1  4 .3383E+08 108513.88
  0  5  2  6 .7600E+08 103524.04
  0  5  2  4 .4007E+08 104645.38
  0  5  3  6 .3657E+08  99946.06
  0  5  3  4 .2826E+08 101006.46
  0  5  4  6 .6741E+07  96594.88
  0  5  4  4 .1400E+08  97594.58
  0  5  5  6 .8437E+05  93470.47
  0  5  5  4 .5284E+07  94409.25
  0  5  6  6 .2043E+06  90575.47
  0  5  6  4 .1514E+07  91452.39
  0  5  7  6 .1077E+06  87915.70
  0  5  7  4 .2729E+06  88728.88
  0  5  8  6 .6448E+04  85500.54
  0  5  8  4 .1682E+05  86246.80
  0  5  9  6 .2832E+03  83344.03
  0  5  9  4 .1619E+02  84018.82
  0  5 10  6 .2112E+03  81466.48
  0  5 10  4 .8018E+02  82063.09
  0  5 11  6 .1547E+03  79896.70
  0  5 11  4 .9294E+02  80405.14
  0  5 12  6 .2179E+03  78675.82
  0  5 12  4 .3340E+03  79080.91
  0  5 13  6 .3372E+02  77866.21
  0  5 13  4 .3619E+01  78141.77
  0  5 14  4 .6364E+00  77667.12
  0  6  0  7 .2538E+08 110947.47
  0  6  0  5 .1171E+08 112394.83
  0  6  1  7 .7283E+08 106947.60
  0  6  1  5 .3180E+08 108321.09
  0  6  2  7 .7888E+08 103179.36
  0  6  2  5 .3698E+08 104480.89
  0  6  3  7 .3848E+08  99639.58
  0  6  3  5 .2585E+08 100869.77
  0  6  4  7 .6986E+07  96326.28
  0  6  4  5 .1322E+08  97485.56
  0  6  5  7 .5952E+05  93240.10
  0  6  5  5 .5527E+07  94328.01
  0  6  6  7 .2686E+06  90384.09
  0  6  6  5 .1808E+07  91399.43
  0  6  7  7 .1379E+06  87764.60
  0  6  7  5 .3647E+06  88704.94
  0  6  8  7 .7294E+04  85391.90
  0  6  8  5 .2601E+05  86253.32
  0  6  9  7 .6308E+03  83280.90
  0  6  9  5 .3465E+02  84057.82
  0  6 10  7 .1224E+03  81453.58
  0  6 10  5 .2973E+03  82137.54
  0  6 11  7 .6567E+01  79940.98
  0  6 11  5 .4309E-01  80519.44
  0  6 12  7 .4770E+01  78788.43
  0  6 12  5 .9134E+01  79241.76
  0  6 13  7 .1117E+01  78068.19
  0  6 13  5 .4036E-01  78360.10
  0  7  0  8 .2476E+08 110481.94
  0  7  0  6 .1183E+08 112118.91
  0  7  1  8 .7276E+08 106525.90
  0  7  1  6 .3112E+08 108079.39
  0  7  2  8 .8096E+08 102801.55
  0  7  2  6 .3452E+08 104272.47
  0  7  3  8 .4038E+08  99304.79
  0  7  3  6 .2337E+08 100694.49
  0  7  4  8 .7362E+07  96034.61
  0  7  4  6 .1220E+08  97343.31
  0  7  5  8 .4179E+05  92991.53
  0  7  5  6 .5605E+07  94218.90
  0  7  6  8 .3622E+06  90179.77
  0  7  6  6 .2123E+07  91323.90
  0  7  7  8 .1750E+06  87606.01
  0  7  7  6 .4915E+06  88664.13
  0  7  8  8 .8013E+04  85281.59
  0  7  8  6 .3774E+05  86248.97
  0  7  9  8 .9814E+03  83222.88
  0  7  9  6 .4296E+02  84092.46
  0  7 10  8 .3161E+03  81453.24
  0  7 10  6 .4682E+03  82214.91
  0  7 11  8 .4369E+01  80007.39
  0  7 11  6 .9687E+01  80645.13
  0  7 12  8 .4309E+01  78935.66
  0  7 12  6 .1238E+01  79424.25
  0  7 13  6 .1295E+00  78614.64
  0  8  0  9 .2333E+08 109975.50
  0  8  0  7 .1266E+08 111789.90
  0  8  1  9 .7116E+08 106069.19
  0  8  1  7 .3166E+08 107790.03
  0  8  2  9 .8211E+08 102392.67
  0  8  2  7 .3269E+08 104021.79
  0  8  3  9 .4247E+08  98943.64
  0  8  3  7 .2056E+08 100482.01
  0  8  4  9 .7857E+07  95721.04
  0  8  4  7 .1071E+08  97168.71
  0  8  5  9 .2278E+05  92726.26
  0  8  5  7 .5564E+07  94082.53
  0  8  6  9 .5019E+06  89963.80
  0  8  6  7 .2515E+07  91226.52
  0  8  7  9 .2322E+06  87441.43
  0  8  7  7 .6854E+06  88607.03
  0  8  8  9 .9636E+04  85171.39
  0  8  8  7 .6022E+05  86234.33
  0  8  9  9 .2073E+04  83171.58
  0  8  9  7 .1716E+03  84123.33
  0  8 10  9 .6036E+03  81468.07
  0  8 10  7 .7898E+03  82296.01
  0  8 11  9 .5500E+02  80098.83
  0  8 11  7 .2549E+02  80783.41
  0  8 12  9 .5004E+02  79122.86
  0  8 12  7 .9753E+02  79630.86
  0  8 13  7 .1771E+01  78910.62
  0  9  0 10 .2071E+08 109431.10
  0  9  0  8 .1450E+08 111410.18
  0  9  1 10 .6726E+08 105578.12
  0  9  1  8 .3413E+08 107454.14
  0  9  2 10 .8196E+08 101954.49
  0  9  2  8 .3109E+08 103729.79
  0  9  3 10 .4480E+08  98557.89
  0  9  3  8 .1702E+08 100233.03
  0  9  4 10 .8572E+07  95387.46
  0  9  4  8 .8626E+07  96962.85
  0  9  5 10 .4127E+04  92445.70
  0  9  5  8 .5313E+07  93919.77
  0  9  6 10 .7772E+06  89737.56
  0  9  6  8 .3108E+07  91108.01
  0  9  7 10 .3235E+06  87271.80
  0  9  7  8 .1060E+07  88534.25
  0  9  8 10 .1305E+05  85062.11
  0  9  8  8 .1049E+06  86209.83
  0  9  9 10 .3619E+04  83128.39
  0  9  9  8 .8461E+03  84151.12
  0  9 10 10 .2383E+04  81499.23
  0  9 10  8 .1454E+04  82381.48
  0  9 11 10 .1220E+04  80218.28
  0  9 11  8 .9985E+02  80935.63
  0  9 12 10 .8265E+03  79357.31
  0  9 12  8 .2398E+04  79863.90
  0 10  0 11 .1624E+08 108848.25
  0 10  0  9 .1867E+08 110978.31
  0 10  1 11 .5793E+08 105053.16
  0 10  1  9 .3925E+08 107072.00
  0 10  2 11 .7930E+08 101486.70
  0 10  2  9 .2958E+08 103395.48
  0 10  3 11 .4761E+08  98146.45
  0 10  3  9 .1191E+08  99946.45
  0 10  4 11 .9334E+07  95032.80
  0 10  4  9 .5270E+07  96723.85
  0 10  5 11 .5365E+04  92148.60
  0 10  5  9 .4768E+07  93729.07
  0 10  6 11 .1369E+07  89499.68
  0 10  6  9 .4275E+07  90966.61
  0 10  7 11 .6057E+06  87096.17
  0 10  7  9 .1842E+07  88444.24
  0 10  8 11 .1413E+05  84953.24
  0 10  8  9 .2117E+06  86174.20
  0 10  9 11 .1442E+05  83092.63
  0 10  9  9 .8847E+03  84174.39
  0 10 10 11 .2724E+04  81547.58
  0 10 10  9 .5909E+04  82470.88
  0 10 11 11 .2329E+02  80368.13
  0 10 11  9 .1087E+03  81101.64
  0 10 12  9 .1085E+02  80125.67
  0 11  0 12 .7920E+07 108219.27
  0 11  0 10 .2744E+08 110487.07
  0 11  1 12 .3772E+08 104486.44
  0 11  1 10 .4968E+08 106634.09
  0 11  2 12 .6682E+08 100980.73
  0 11  2 10 .2595E+08 103010.46
  0 11  3 12 .4880E+08  97701.10
  0 11  3 10 .4217E+07  99613.86
  0 11  4 12 .1032E+08  94648.40
  0 11  4 10 .9146E+06  96443.43
  0 11  5 12 .1376E+06  91826.11
  0 11  5 10 .3337E+07  93501.67
  0 11  6 12 .3010E+07  89241.51
  0 11  6 10 .6712E+07  90793.53
  0 11  7 12 .1299E+07  86905.56
  0 11  7 10 .4051E+07  88327.77
  0 11  8 12 .1632E+05  84835.84
  0 11  8 10 .5433E+06  86118.08
  0 11  9 12 .5512E+05  83056.65
  0 11  9 10 .4190E+04  84184.36
  0 11 10 12 .9017E+04  81605.89
  0 11 10 10 .2310E+05  82555.20
  0 11 11 12 .2733E+00  80544.77
  0 11 11 10 .3838E+03  81274.25
  0 11 12 10 .3408E+03  80413.28
  0 12  0 13 .4003E+08 107744.76
  0 12  0 11 .2080E+07 110136.55
  0 12  1 13 .8208E+08 104077.52
  0 12  1 11 .4270E+04 106341.46
  0 12  2 13 .5029E+08 100636.48
  0 12  2 11 .1371E+08 102775.00
  0 12  3 13 .9532E+07  97421.50
  0 12  3 11 .4446E+08  99434.75
  0 12  4 13 .8242E+06  94433.97
  0 12  4 11 .3529E+08  96321.10
  0 12  5 13 .1387E+07  91678.36
  0 12  5 11 .5062E+07  93436.90
  0 12  6 13 .3248E+07  89162.76
  0 12  6 11 .1326E+07  90787.98
  0 12  7 13 .1638E+07  86900.36
  0 12  7 11 .4273E+07  88384.47
  0 12  8 13 .2064E+05  84910.13
  0 12  8 11 .1051E+07  86241.54
  0 12  9 13 .1535E+06  83220.94
  0 12  9 11 .5588E+04  84380.93
  0 12 10 13 .4127E+05  81876.97
  0 12 10 11 .7946E+05  82835.88
  0 12 11 11 .3996E+04  81656.43
  0 13  0 14 .3656E+08 107056.37
  0 13  0 12 .3037E+06 109558.36
  0 13  1 14 .8899E+08 103457.89
  0 13  1 12 .4859E+07 105825.53
  0 13  2 14 .7299E+08 100085.24
  0 13  2 12 .2105E+08 102319.82
  0 13  3 14 .2338E+08  96938.72
  0 13  3 12 .3675E+08  99040.19
  0 13  4 14 .3004E+07  94020.41
  0 13  4 12 .2728E+08  95987.49
  0 13  5 14 .6130E+06  91335.60
  0 13  5 12 .6368E+07  93165.20
  0 13  6 14 .8509E+06  88894.07
  0 13  6 12 .1123E+05  90580.60
  0 13  7 14 .4905E+06  86710.68
  0 13  7 12 .1271E+07  88244.65
  0 13  8 14 .5287E+03  84807.81
  0 13  8 12 .4241E+06  86174.93
  0 13  9 14 .1199E+06  83218.26
  0 13  9 12 .7123E+04  84395.74
  0 13 10 14 .3777E+05  81996.26
  0 13 10 12 .6584E+05  82944.98
  0 13 11 12 .5089E+04  81883.86
  1  1  0  2 .2355E+08 114801.95
  1  1  0  0 .4474E+08 115156.30
  1  1  1  2 .1996E+08 110658.48
  1  1  1  0 .3507E+08 110995.16
  1  1  2  2 .2295E+06 106750.01
  1  1  2  0 .8435E+05 107069.37
  1  1  3  2 .1996E+08 103071.64
  1  1  3  0 .3591E+08 103373.94
  1  1  4  2 .3970E+08  99620.60
  1  1  4  0 .6507E+08  99905.99
  1  1  5  2 .1998E+08  96396.02
  1  1  5  0 .3376E+08  96664.38
  1  1  6  2 .4011E+07  93399.32
  1  1  6  0 .9012E+07  93650.52
  1  1  7  2 .2061E+06  90634.77
  1  1  7  0 .1730E+07  90868.39
  1  1  8  2 .9305E+05  88109.96
  1  1  8  0 .3877E+05  88325.14
  1  1  9  2 .1778E+05  85836.53
  1  1  9  0 .1380E+04  86032.21
  1  1 10  2 .2943E+05  83831.53
  1  1 10  0 .4555E+05  84005.83
  1  1 11  2 .8916E+04  82118.20
  1  1 11  0 .2082E+05  82269.17
  1  1 12  2 .1850E+05  80730.05
  1  1 12  0 .1166E+05  80854.10
  1  1 13  2 .2572E+06  79713.28
  1  1 13  0 .5717E+06  79804.94
  1  1 14  2 .1490E+05  79133.18
  1  1 14  0 .1911E+05  79182.92
  1  2  0  3 .2679E+08 114564.99
  1  2  0  1 .3862E+08 115152.03
  1  2  1  3 .2657E+08 110439.12
  1  2  1  1 .3238E+08 110996.78
  1  2  2  3 .2130E+06 106547.83
  1  2  2  1 .1812E+03 107076.72
  1  2  3  3 .2412E+08 102886.39
  1  2  3  1 .3156E+08 103387.02
  1  2  4  3 .4803E+08  99452.26
  1  2  4  1 .5202E+08  99924.72
  1  2  5  3 .2679E+08  96244.52
  1  2  5  1 .2921E+08  96688.82
  1  2  6  3 .4601E+07  93264.95
  1  2  6  1 .8370E+07  93680.71
  1  2  7  3 .2634E+05  90518.00
  1  2  7  1 .1640E+07  90904.39
  1  2  8  3 .1267E+06  88011.55
  1  2  8  1 .2552E+06  88367.35
  1  2  9  3 .2369E+05  85757.59
  1  2  9  1 .1776E+05  86080.89
  1  2 10  3 .1659E+04  83773.57
  1  2 10  1 .1255E+03  84061.60
  1  2 11  3 .1050E+04  82083.98
  1  2 11  1 .1226E+04  82332.73
  1  2 12  3 .5853E+02  80723.11
  1  2 12  1 .2419E+01  80926.60
  1  2 13  3 .2526E+03  79739.23
  1  2 13  1 .5671E+03  79888.22
  1  2 14  3 .1421E+02  79202.61
  1  2 14  1 .1758E+02  79280.01
  1  3  0  4 .2735E+08 114270.69
  1  3  0  2 .3745E+08 115085.12
  1  3  1  4 .2846E+08 110168.11
  1  3  1  2 .2993E+08 110941.65
  1  3  2  4 .3688E+06 106299.61
  1  3  2  2 .3215E+05 107033.18
  1  3  3  4 .2535E+08 102660.69
  1  3  3  2 .2987E+08 103354.81
  1  3  4  4 .5342E+08  99248.81
  1  3  4  2 .4549E+08  99903.77
  1  3  5  4 .3026E+08  96063.48
  1  3  5  2 .2453E+08  96679.19
  1  3  6  4 .4721E+07  93106.62
  1  3  6  2 .7624E+07  93682.49
  1  3  7  4 .9766E+03  90383.11
  1  3  7  2 .2085E+07  90917.94
  1  3  8  4 .2894E+06  87901.03
  1  3  8  2 .5230E+06  88393.13
  1  3  9  4 .4325E+05  85673.05
  1  3  9  2 .5314E+05  86119.70
  1  3 10  4 .4202E+04  83717.32
  1  3 10  2 .4985E+03  84114.70
  1  3 11  4 .2845E+04  82059.37
  1  3 11  2 .3098E+04  82401.37
  1  3 12  4 .5355E+02  80735.14
  1  3 12  2 .3951E+02  81013.22
  1  3 13  4 .1205E+03  79796.00
  1  3 13  2 .3162E+03  79996.45
  1  3 14  4 .5568E+01  79321.35
  1  3 14  2 .9408E+01  79416.35
  1  4  0  5 .2526E+08 113919.65
  1  4  0  3 .3854E+08 114954.32
  1  4  1  5 .2828E+08 109845.91
  1  4  1  3 .2898E+08 110828.45
  1  4  2  5 .6287E+06 106005.71
  1  4  2  3 .1686E+06 106937.16
  1  4  3  5 .2449E+08 102394.59
  1  4  3  3 .2989E+08 103275.72
  1  4  4  5 .5644E+08  99010.38
  1  4  4  3 .4009E+08  99841.59
  1  4  5  5 .3333E+08  95852.83
  1  4  5  3 .1963E+08  96633.85
  1  4  6  5 .4770E+07  92924.25
  1  4  6  3 .6494E+07  93654.28
  1  4  7  5 .7016E+05  90229.76
  1  4  7  3 .2571E+07  90907.33
  1  4  8  5 .5691E+06  87778.14
  1  4  8  3 .9892E+06  88400.88
  1  4  9  5 .7196E+05  85582.64
  1  4  9  3 .1325E+06  86146.92
  1  4 10  5 .1040E+05  83662.36
  1  4 10  3 .1537E+04  84162.90
  1  4 11  5 .7933E+04  82044.26
  1  4 11  3 .7006E+04  82473.31
  1  4 12  5 .4587E+01  80766.58
  1  4 12  3 .2818E+03  81112.44
  1  4 13  5 .1407E+03  79884.92
  1  4 13  3 .1065E+03  80128.56
  1  4 14  3 .4634E+00  79591.94
  1  5  0  6 .1998E+08 113511.39
  1  5  0  4 .4239E+08 114757.37
  1  5  1  6 .2515E+08 109471.87
  1  5  1  4 .2923E+08 110654.79
  1  5  2  6 .1143E+07 105664.95
  1  5  2  4 .5670E+06 106786.29
  1  5  3  6 .2096E+08 102086.97
  1  5  3  4 .3172E+08 103147.37
  1  5  4  6 .5679E+08  98735.79
  1  5  4  4 .3463E+08  99735.49
  1  5  5  6 .3620E+08  95611.38
  1  5  5  4 .1348E+08  96550.16
  1  5  6  6 .4856E+07  92716.38
  1  5  6  4 .4572E+07  93593.30
  1  5  7  6 .3077E+06  90056.61
  1  5  7  4 .3100E+07  90869.79
  1  5  8  6 .1114E+07  87641.45
  1  5  8  4 .1848E+07  88387.71
  1  5  9  6 .1176E+06  85484.94
  1  5  9  4 .3046E+06  86159.73
  1  5 10  6 .2950E+05  83607.39
  1  5 10  4 .3310E+04  84204.00
  1  5 11  6 .1794E+05  82037.61
  1  5 11  4 .2110E+05  82546.05
  1  5 12  6 .6403E+02  80816.73
  1  5 12  4 .5711E+03  81221.82
  1  5 13  6 .1525E+02  80007.12
  1  5 13  4 .1855E+03  80282.68
  1  5 14  4 .7922E+01  79808.03
  1  6  0  7 .1079E+08 113040.24
  1  6  0  5 .4916E+08 114487.60
  1  6  1  7 .1779E+08 109040.37
  1  6  1  5 .3023E+08 110413.86
  1  6  2  7 .2090E+07 105272.13
  1  6  2  5 .1615E+07 106573.66
  1  6  3  7 .1361E+08 101732.35
  1  6  3  5 .3535E+08 102962.54
  1  6  4  7 .5126E+08  98419.05
  1  6  4  5 .2735E+08  99578.33
  1  6  5  7 .3806E+08  95332.87
  1  6  5  5 .5899E+07  96420.78
  1  6  6  7 .4881E+07  92476.86
  1  6  6  5 .1832E+07  93492.20
  1  6  7  7 .8877E+06  89857.37
  1  6  7  5 .3474E+07  90797.71
  1  6  8  7 .2140E+07  87484.67
  1  6  8  5 .3487E+07  88346.09
  1  6  9  7 .1878E+06  85373.67
  1  6  9  5 .7036E+06  86150.59
  1  6 10  7 .8948E+05  83546.35
  1  6 10  5 .1029E+05  84230.31
  1  6 11  7 .4780E+05  82033.75
  1  6 11  5 .5980E+05  82612.21
  1  6 12  7 .1026E+03  80881.20
  1  6 12  5 .1912E+04  81334.53
  1  6 13  7 .6079E+01  80160.96
  1  6 13  5 .2327E+03  80452.87
  1  8  0  9 .6131E+08 112160.39
  1  8  0  7 .1089E+07 113974.79
  1  8  1  9 .4638E+08 108254.08
  1  8  1  7 .3666E+07 109974.92
  1  8  2  9 .5526E+06 104577.56
  1  8  2  7 .2166E+07 106206.68
  1  8  3  9 .4766E+08 101128.53
  1  8  3  7 .1371E+07 102666.90
  1  8  4  9 .4492E+08  97905.93
  1  8  4  7 .2287E+08  99353.60
  1  8  5  9 .8939E+07  94911.15
  1  8  5  7 .4083E+08  96267.42
  1  8  6  9 .5623E+06  92148.69
  1  8  6  7 .2028E+08  93411.41
  1  8  7  9 .7476E+06  89626.32
  1  8  7  7 .1017E+07  90791.92
  1  8  8  9 .1238E+07  87356.28
  1  8  8  7 .1259E+07  88419.22
  1  8  9  9 .1181E+06  85356.47
  1  8  9  7 .8971E+06  86308.22
  1  8 10  9 .2158E+06  83652.96
  1  8 10  7 .9315E+04  84480.90
  1  8 11  9 .1680E+06  82283.72
  1  8 11  7 .1906E+06  82968.30
  1  8 12  9 .2589E+04  81307.75
  1  8 12  7 .2036E+05  81815.75
  1  8 13  7 .1042E+03  81095.51
  1  9  0 10 .5592E+08 111570.16
  1  9  0  8 .5388E+07 113549.24
  1  9  1 10 .4738E+08 107717.18
  1  9  1  8 .7126E+07 109593.20
  1  9  2 10 .6609E+05 104093.55
  1  9  2  8 .8579E+06 105868.85
  1  9  3 10 .4693E+08 100696.95
  1  9  3  8 .4513E+07 102372.09
  1  9  4 10 .5572E+08  97526.52
  1  9  4  8 .2470E+08  99101.91
  1  9  5 10 .1496E+08  94584.76
  1  9  5  8 .3484E+08  96058.83
  1  9  6 10 .9078E+06  91876.62
  1  9  6  8 .1826E+08  93247.07
  1  9  7 10 .2018E+06  89410.86
  1  9  7  8 .1951E+07  90673.31
  1  9  8 10 .4479E+06  87201.17
  1  9  8  8 .3466E+06  88348.89
  1  9  9 10 .3526E+05  85267.45
  1  9  9  8 .5021E+06  86290.18
  1  9 10 10 .2325E+06  83638.29
  1  9 10  8 .1311E+05  84520.54
  1  9 11 10 .2062E+06  82357.34
  1  9 11  8 .2095E+06  83074.69
  1  9 12 10 .6823E+04  81496.37
  1  9 12  8 .3524E+05  82002.96
  1 10  0 11 .4739E+08 110948.61
  1 10  0  9 .1133E+08 113078.67
  1 10  1 11 .4486E+08 107153.52
  1 10  1  9 .1036E+08 109172.36
  1 10  2 11 .2760E+05 103587.06
  1 10  2  9 .1505E+06 105495.84
  1 10  3 11 .4333E+08 100246.81
  1 10  3  9 .8213E+07 102046.81
  1 10  4 11 .6162E+08  97133.16
  1 10  4  9 .2381E+08  98824.21
  1 10  5 11 .1930E+08  94248.96
  1 10  5  9 .2720E+08  95829.43
  1 10  6 11 .9302E+06  91600.04
  1 10  6  9 .1562E+08  93066.97
  1 10  7 11 .2214E+04  89196.53
  1 10  7  9 .2957E+07  90544.60
  1 10  8 11 .1203E+06  87053.60
  1 10  8  9 .2423E+05  88274.56
  1 10  9 11 .5107E+04  85192.99
  1 10  9  9 .3089E+06  86274.75
  1 10 10 11 .4153E+06  83647.94
  1 10 10  9 .2692E+05  84571.24
  1 10 11 11 .5126E+06  82468.49
  1 10 11  9 .4138E+06  83202.00
  1 10 12  9 .1479E+06  82226.03
  2  1  0  2 .2974E+08 116897.72
  2  1  0  0 .4047E+08 117252.07
  2  1  1  2 .4340E+07 112754.25
  2  1  1  0 .6016E+07 113090.93
  2  1  2  2 .1304E+08 108845.78
  2  1  2  0 .1752E+08 109165.14
  2  1  3  2 .1508E+08 105167.41
  2  1  3  0 .2203E+08 105469.71
  2  1  4  2 .1633E+07 101716.37
  2  1  4  0 .1435E+07 102001.76
  2  1  5  2 .3196E+08  98491.79
  2  1  5  0 .4646E+08  98760.15
  2  1  6  2 .3045E+08  95495.09
  2  1  6  0 .5817E+08  95746.29
  2  1  7  2 .7631E+07  92730.54
  2  1  7  0 .2261E+08  92964.16
  2  1  8  2 .5126E+06  90205.73
  2  1  8  0 .2719E+07  90420.91
  2  1  9  2 .2622E+05  87932.30
  2  1  9  0 .8732E+04  88127.98
  2  1 10  2 .8360E+04  85927.30
  2  1 10  0 .2255E+05  86101.60
  2  1 11  2 .8634E+04  84213.97
  2  1 11  0 .3697E+04  84364.94
  2  1 12  2 .3723E+05  82825.82
  2  1 12  0 .1759E+05  82949.87
  2  1 13  2 .5402E+04  81809.05
  2  1 13  0 .2985E+04  81900.71
  2  1 14  2 .1791E+02  81228.95
  2  1 14  0 .1353E+03  81278.69
  2  2  0  3 .3740E+08 116658.45
  2  2  0  1 .3232E+08 117245.49
  2  2  1  3 .5603E+07 112532.58
  2  2  1  1 .4734E+07 113090.24
  2  2  2  3 .1633E+08 108641.29
  2  2  2  1 .1396E+08 109170.18
  2  2  3  3 .1908E+08 104979.85
  2  2  3  1 .1768E+08 105480.48
  2  2  4  3 .2116E+07 101545.72
  2  2  4  1 .1018E+07 102018.18
  2  2  5  3 .4045E+08  98337.98
  2  2  5  1 .3723E+08  98782.28
  2  2  6  3 .3699E+08  95358.41
  2  2  6  1 .4999E+08  95774.17
  2  2  7  3 .8260E+07  92611.46
  2  2  7  1 .2180E+08  92997.85
  2  2  8  3 .4053E+06  90105.01
  2  2  8  1 .3091E+07  90460.81
  2  2  9  3 .2582E+05  87851.05
  2  2  9  1 .9162E+04  88174.35
  2  2 10  3 .1529E+05  85867.03
  2  2 10  1 .4583E+05  86155.06
  2  2 11  3 .2557E+05  84177.44
  2  2 11  1 .9048E+04  84426.19
  2  2 12  3 .9838E+05  82816.57
  2  2 12  1 .6148E+05  83020.06
  2  2 13  3 .1551E+05  81832.69
  2  2 13  1 .1359E+05  81981.68
  2  2 14  3 .1482E+02  81296.07
  2  2 14  1 .8511E+02  81373.47
  2  3  0  4 .3999E+08 116359.21
  2  3  0  2 .2892E+08 117173.64
  2  3  1  4 .6335E+07 112256.63
  2  3  1  2 .4061E+07 113030.17
  2  3  2  4 .1732E+08 108388.13
  2  3  2  2 .1266E+08 109121.70
  2  3  3  4 .2106E+08 104749.21
  2  3  3  2 .1531E+08 105443.33
  2  3  4  4 .2198E+07 101337.33
  2  3  4  2 .9394E+06 101992.29
  2  3  5  4 .4462E+08  98152.00
  2  3  5  2 .3229E+08  98767.71
  2  3  6  4 .4062E+08  95195.14
  2  3  6  2 .4465E+08  95771.01
  2  3  7  4 .8364E+07  92471.63
  2  3  7  2 .2114E+08  93006.46
  2  3  8  4 .2495E+06  89989.55
  2  3  8  2 .3549E+07  90481.65
  2  3  9  4 .1079E+05  87761.57
  2  3  9  2 .2851E+05  88208.22
  2  3 10  4 .1549E+05  85805.84
  2  3 10  2 .5905E+05  86203.22
  2  3 11  4 .6048E+05  84147.89
  2  3 11  2 .1410E+05  84489.89
  2  3 12  4 .2000E+06  82823.66
  2  3 12  2 .1432E+06  83101.74
  2  3 13  4 .3955E+05  81884.52
  2  3 13  2 .4441E+05  82084.97
  2  3 14  4 .1201E+03  81409.87
  2  3 14  2 .3789E+03  81504.87
  2  4  0  5 .3894E+08 116000.01
  2  4  0  3 .2865E+08 117034.68
  2  4  1  5 .6701E+07 111926.27
  2  4  1  3 .3599E+07 112908.81
  2  4  2  5 .1651E+08 108086.07
  2  4  2  3 .1270E+08 109017.52
  2  4  3  5 .2190E+08 104474.95
  2  4  3  3 .1398E+08 105356.08
  2  4  4  5 .1895E+07 101090.74
  2  4  4  3 .1154E+07 101921.95
  2  4  5  5 .4652E+08  97933.19
  2  4  5  3 .2969E+08  98714.21
  2  4  6  5 .4363E+08  95004.61
  2  4  6  3 .3926E+08  95734.64
  2  4  7  5 .8487E+07  92310.12
  2  4  7  3 .1953E+08  92987.69
  2  4  8  5 .1077E+06  89858.50
  2  4  8  3 .4059E+07  90481.24
  2  4  9  5 .1021E+04  87663.00
  2  4  9  3 .9313E+05  88227.28
  2  4 10  5 .8335E+04  85742.72
  2  4 10  3 .5476E+05  86243.26
  2  4 11  5 .1274E+06  84124.62
  2  4 11  3 .2841E+05  84553.67
  2  4 12  5 .4837E+06  82846.94
  2  4 12  3 .3220E+06  83192.80
  2  4 13  5 .1362E+06  81965.28
  2  4 13  3 .1563E+06  82208.92
  2  4 14  3 .2299E+04  81672.30
  2  5  0  6 .3150E+08 115578.11
  2  5  0  4 .3195E+08 116824.09
  2  5  1  6 .6398E+07 111538.59
  2  5  1  4 .3282E+07 112721.51
  2  5  2  6 .1277E+08 107731.67
  2  5  2  4 .1468E+08 108853.01
  2  5  3  6 .2060E+08 104153.69
  2  5  3  4 .1307E+08 105214.09
  2  5  4  6 .1056E+07 100802.51
  2  5  4  4 .2054E+07 101802.21
  2  5  5  6 .4403E+08  97678.10
  2  5  5  4 .2835E+08  98616.88
  2  5  6  6 .4579E+08  94783.10
  2  5  6  4 .3099E+08  95660.02
  2  5  7  6 .8770E+07  92123.33
  2  5  7  4 .1516E+08  92936.51
  2  5  8  6 .2494E+04  89708.17
  2  5  8  4 .4433E+07  90454.43
  2  5  9  6 .9257E+05  87551.66
  2  5  9  4 .3612E+06  88226.45
  2  5 10  6 .4207E+02  85674.11
  2  5 10  4 .2262E+05  86270.72
  2  5 11  6 .3933E+06  84104.33
  2  5 11  4 .7730E+05  84612.77
  2  5 12  6 .1845E+07  82883.45
  2  5 12  4 .1078E+07  83288.54
  2  5 13  6 .1009E+07  82073.84
  2  5 13  4 .1024E+07  82349.40
  2  5 14  4 .9217E+05  81874.75
