 H2 Bp  state; canjp94
 VU JU VL JL A (s-1) TR.E.(cm-1)
     2800
  0  0  0  1 .2335E+08 110360.02
  0  0  1  1 .8524E+08 106204.77
  0  0  2  1 .1252E+09 102284.71
  0  0  3  1 .9557E+08  98595.01
  0  0  4  1 .4105E+08  95132.71
  0  0  5  1 .9979E+07  91896.81
  0  0  6  1 .1210E+07  88888.70
  0  0  7  1 .4307E+05  86112.38
  0  0  8  1 .4810E+01  83575.34
  0  0  9  1 .1023E+03  81288.88
  0  0 10  1 .3640E+01  79269.59
  0  0 11  1 .2713E+01  77540.72
  0  0 12  1 .1657E+01  76134.59
  0  0 13  1 .1246E+01  75096.21
  0  0 14  1 .1182E+01  74488.00
  0  1  0  2 .1364E+08 110175.09
  0  1  0  0 .6443E+07 110529.44
  0  1  1  2 .5816E+08 106031.62
  0  1  1  0 .3573E+08 106368.30
  0  1  2  2 .7523E+08 102123.15
  0  1  2  0 .4250E+08 102442.51
  0  1  3  2 .6043E+08  98444.78
  0  1  3  0 .3198E+08  98747.08
  0  1  4  2 .2832E+08  94993.74
  0  1  4  0 .1770E+08  95279.13
  0  1  5  2 .4878E+07  91769.16
  0  1  5  0 .3570E+07  92037.52
  0  1  6  2 .7590E+06  88772.46
  0  1  6  0 .1914E+06  89023.66
  0  1  7  2 .2730E+06  86007.91
  0  1  7  0 .6106E+05  86241.53
  0  1  8  2 .7808E+05  83483.10
  0  1  8  0 .1909E+04  83698.28
  0  1  9  2 .1738E+04  81209.67
  0  1  9  0 .2817E+05  81405.35
  0  1 10  2 .2887E+06  79204.67
  0  1 10  0 .6265E+05  79378.97
  0  1 11  2 .5941E+04  77491.34
  0  1 11  0 .1874E+06  77642.31
  0  1 12  2 .9421E+04  76103.19
  0  1 12  0 .2225E+05  76227.24
  0  1 13  2 .1542E+04  75086.42
  0  1 13  0 .2525E+02  75178.08
  0  1 14  2 .3364E+04  74506.32
  0  1 14  0 .3715E+04  74556.06
  0  2  0  3 .1262E+08 109925.38
  0  2  0  1 .1047E+08 110512.42
  0  2  1  3 .4699E+08 105799.51
  0  2  1  1 .3764E+08 106357.17
  0  2  2  3 .6822E+08 101908.22
  0  2  2  1 .5598E+08 102437.11
  0  2  3  3 .5142E+08  98246.78
  0  2  3  1 .4352E+08  98747.41
  0  2  4  3 .2207E+08  94812.65
  0  2  4  1 .1883E+08  95285.11
  0  2  5  3 .5292E+07  91604.91
  0  2  5  1 .4607E+07  92049.21
  0  2  6  3 .5873E+06  88625.34
  0  2  6  1 .5996E+06  89041.10
  0  2  7  3 .1911E+05  85878.39
  0  2  7  1 .2514E+05  86264.78
  0  2  8  3 .7786E+02  83371.94
  0  2  8  1 .3034E+03  83727.74
  0  2  9  3 .4907E+03  81117.98
  0  2  9  1 .3047E+01  81441.28
  0  2 10  3 .1254E+04  79133.96
  0  2 10  1 .2080E+04  79421.99
  0  2 11  3 .1727E+03  77444.37
  0  2 11  1 .3695E+03  77693.12
  0  2 12  3 .1821E+02  76083.50
  0  2 12  1 .3629E+02  76286.99
  0  2 13  3 .3377E+00  75099.62
  0  2 13  1 .8124E+01  75248.61
  0  2 14  3 .1907E+01  74563.00
  0  2 14  1 .5259E+01  74640.40
  0  3  0  4 .1162E+08 109613.49
  0  3  0  2 .1131E+08 110427.92
  0  3  1  4 .4215E+08 105510.91
  0  3  1  2 .4156E+08 106284.45
  0  3  2  4 .6177E+08 101642.41
  0  3  2  2 .6164E+08 102375.98
  0  3  3  4 .4658E+08  98003.49
  0  3  3  2 .4782E+08  98697.61
  0  3  4  4 .1952E+08  94591.61
  0  3  4  2 .2106E+08  95246.57
  0  3  5  4 .4618E+07  91406.28
  0  3  5  2 .5263E+07  92021.99
  0  3  6  4 .5287E+06  88449.42
  0  3  6  2 .6510E+06  89025.29
  0  3  7  4 .1302E+05  85725.91
  0  3  7  2 .2611E+05  86260.74
  0  3  8  4 .1444E+03  83243.83
  0  3  8  2 .1084E+03  83735.93
  0  3  9  4 .1295E+01  81015.85
  0  3  9  2 .1894E+03  81462.50
  0  3 10  4 .1477E+03  79060.12
  0  3 10  2 .4108E+03  79457.50
  0  3 11  4 .6967E+02  77402.17
  0  3 11  2 .3203E+02  77744.17
  0  3 12  4 .1333E+02  76077.94
  0  3 12  2 .9524E-05  76356.02
  0  3 13  4 .1659E+01  75138.80
  0  3 13  2 .6174E+00  75339.25
  0  3 14  4 .5288E-01  74664.15
  0  3 14  2 .5025E-01  74759.15
  0  4  0  5 .1070E+08 109242.25
  0  4  0  3 .1190E+08 110276.92
  0  4  1  5 .3887E+08 105168.51
  0  4  1  3 .4389E+08 106151.05
  0  4  2  5 .5686E+08 101328.31
  0  4  2  3 .6530E+08 102259.76
  0  4  3  5 .4271E+08  97717.19
  0  4  3  3 .5089E+08  98598.32
  0  4  4  5 .1779E+08  94332.98
  0  4  4  3 .2254E+08  95164.19
  0  4  5  5 .4144E+07  91175.43
  0  4  5  3 .5658E+07  91956.45
  0  4  6  5 .4565E+06  88246.85
  0  4  6  3 .7018E+06  88976.88
  0  4  7  5 .1003E+05  85552.36
  0  4  7  3 .2788E+05  86229.93
  0  4  8  5 .1865E+03  83100.74
  0  4  8  3 .6705E+02  83723.48
  0  4  9  5 .1211E-01  80905.24
  0  4  9  3 .1705E+03  81469.52
  0  4 10  5 .1310E+03  78984.96
  0  4 10  3 .2907E+03  79485.50
  0  4 11  5 .4210E+02  77366.86
  0  4 11  3 .2686E+02  77795.91
  0  4 12  5 .9480E+01  76089.18
  0  4 12  3 .5006E-01  76435.04
  0  4 13  5 .1400E+01  75207.52
  0  4 13  3 .3889E+00  75451.16
  0  4 14  3 .1960E-01  74914.54
  0  5  0  6 .9915E+07 108815.35
  0  5  0  4 .1228E+08 110061.33
  0  5  1  6 .3613E+08 104775.83
  0  5  1  4 .4542E+08 105958.75
  0  5  2  6 .5277E+08 100968.91
  0  5  2  4 .6784E+08 102090.25
  0  5  3  6 .3950E+08  97390.93
  0  5  3  4 .5311E+08  98451.33
  0  5  4  6 .1636E+08  94039.75
  0  5  4  4 .2364E+08  95039.45
  0  5  5  6 .3738E+07  90915.34
  0  5  5  4 .5967E+07  91854.12
  0  5  6  6 .3919E+06  88020.34
  0  5  6  4 .7414E+06  88897.26
  0  5  7  6 .7776E+04  85360.57
  0  5  7  4 .2836E+05  86173.75
  0  5  8  6 .2454E+03  82945.41
  0  5  8  4 .3152E+02  83691.67
  0  5  9  6 .2970E+01  80788.90
  0  5  9  4 .1461E+03  81463.69
  0  5 10  6 .1297E+03  78911.35
  0  5 10  4 .2107E+03  79507.96
  0  5 11  6 .1703E+02  77341.57
  0  5 11  4 .1781E+02  77850.01
  0  5 12  6 .4892E+01  76120.69
  0  5 12  4 .2349E-01  76525.78
  0  5 13  6 .9073E+00  75311.08
  0  5 13  4 .3573E+00  75586.64
  0  5 14  4 .2435E-02  75111.99
  0  6  0  7 .9228E+07 108335.95
  0  6  0  5 .1246E+08 109783.31
  0  6  1  7 .3375E+08 104336.08
  0  6  1  5 .4636E+08 105709.57
  0  6  2  7 .4917E+08 100567.84
  0  6  2  5 .6953E+08 101869.37
  0  6  3  7 .3668E+08  97028.06
  0  6  3  5 .5477E+08  98258.25
  0  6  4  7 .1510E+08  93714.76
  0  6  4  5 .2455E+08  94874.04
  0  6  5  7 .3380E+07  90628.58
  0  6  5  5 .6204E+07  91716.49
  0  6  6  7 .3370E+06  87772.57
  0  6  6  5 .7650E+06  88787.91
  0  6  7  7 .5634E+04  85153.08
  0  6  7  5 .2895E+05  86093.42
  0  6  8  7 .3689E+03  82780.38
  0  6  8  5 .6041E+01  83641.80
  0  6  9  7 .2047E+01  80669.38
  0  6  9  5 .1603E+03  81446.30
  0  6 10  7 .1354E+03  78842.06
  0  6 10  5 .1384E+03  79526.02
  0  6 11  7 .4411E+01  77329.46
  0  6 11  5 .2762E+02  77907.92
  0  6 12  7 .8514E+00  76176.91
  0  6 12  5 .1146E+01  76630.24
  0  6 13  7 .7508E-01  75456.67
  0  6 13  5 .3058E-01  75748.58
  0  7  0  8 .8637E+07 107808.95
  0  7  0  6 .1251E+08 109445.92
  0  7  1  8 .3150E+08 103852.91
  0  7  1  6 .4673E+08 105406.40
  0  7  2  8 .4599E+08 100128.56
  0  7  2  6 .7063E+08 101599.48
  0  7  3  8 .3419E+08  96631.80
  0  7  3  6 .5597E+08  98021.50
  0  7  4  8 .1393E+08  93361.62
  0  7  4  6 .2523E+08  94670.32
  0  7  5  8 .3061E+07  90318.54
  0  7  5  6 .6418E+07  91545.91
  0  7  6  8 .2880E+06  87506.78
  0  7  6  6 .7830E+06  88650.91
  0  7  7  8 .3501E+04  84933.02
  0  7  7  6 .2679E+05  85991.14
  0  7  8  8 .3964E+03  82608.60
  0  7  8  6 .5696E+01  83575.98
  0  7  9  8 .3754E+01  80549.89
  0  7  9  6 .1519E+03  81419.47
  0  7 10  8 .1655E+03  78780.25
  0  7 10  6 .2226E+03  79541.92
  0  7 11  8 .1173E+02  77334.40
  0  7 11  6 .1468E+02  77972.14
  0  7 12  8 .8519E+01  76262.67
  0  7 12  6 .1683E-01  76751.26
  0  7 13  6 .2610E+00  75941.65
  0  8  0  9 .8023E+07 107237.31
  0  8  0  7 .1244E+08 109051.71
  0  8  1  9 .2958E+08 103331.00
  0  8  1  7 .4666E+08 105051.84
  0  8  2  9 .4303E+08  99654.48
  0  8  2  7 .7105E+08 101283.60
  0  8  3  9 .3187E+08  96205.45
  0  8  3  7 .5681E+08  97743.82
  0  8  4  9 .1295E+08  92982.85
  0  8  4  7 .2575E+08  94430.52
  0  8  5  9 .2776E+07  89988.07
  0  8  5  7 .6536E+07  91344.34
  0  8  6  9 .2373E+06  87225.61
  0  8  6  7 .7926E+06  88488.33
  0  8  7  9 .2216E+04  84703.24
  0  8  7  7 .2659E+05  85868.84
  0  8  8  9 .3418E+03  82433.20
  0  8  8  7 .5046E+02  83496.14
  0  8  9  9 .6331E+02  80433.39
  0  8  9  7 .1414E+03  81385.14
  0  8 10  9 .4876E+01  78729.88
  0  8 10  7 .6883E-01  79557.82
  0  8 11  9 .1932E+00  77360.64
  0  8 11  7 .5034E+00  78045.22
  0  8 12  9 .9679E-02  76384.67
  0  8 12  7 .6926E+00  76892.67
  0  8 13  7 .3710E+00  76172.43
  0  9  0 10 .7528E+07 106625.93
  0  9  0  8 .1246E+08 108605.01
  0  9  1 10 .2754E+08 102772.95
  0  9  1  8 .4556E+08 104648.97
  0  9  2 10 .4057E+08  99149.32
  0  9  2  8 .7141E+08 100924.62
  0  9  3 10 .2968E+08  95752.72
  0  9  3  8 .5746E+08  97427.86
  0  9  4 10 .1197E+08  92582.29
  0  9  4  8 .2577E+08  94157.68
  0  9  5 10 .2587E+07  89640.53
  0  9  5  8 .6720E+07  91114.60
  0  9  6 10 .1778E+06  86932.39
  0  9  6  8 .8160E+06  88302.84
  0  9  7 10 .6525E+03  84466.63
  0  9  7  8 .1798E+05  85729.08
  0  9  8 10 .1188E+03  82256.94
  0  9  8  8 .3853E-04  83404.66
  0  9  9 10 .1578E+04  80323.22
  0  9  9  8 .1820E+03  81345.95
  0  9 10 10 .1786E+03  78694.06
  0  9 10  8 .1767E+03  79576.31
  0  9 11 10 .1810E+01  77413.11
  0  9 11  8 .9070E+03  78130.46
  0  9 12 10 .2445E+02  76552.14
  0  9 12  8 .4324E+03  77058.73
  0 10  0 11 .6972E+07 105978.26
  0 10  0  9 .1189E+08 108108.32
  0 10  1 11 .2594E+08 102183.17
  0 10  1  9 .4539E+08 104202.01
  0 10  2 11 .3779E+08  98616.71
  0 10  2  9 .7037E+08 100525.49
  0 10  3 11 .2791E+08  95276.46
  0 10  3  9 .5732E+08  97076.46
  0 10  4 11 .1117E+08  92162.81
  0 10  4  9 .2639E+08  93853.86
  0 10  5 11 .2250E+07  89278.61
  0 10  5  9 .6694E+07  90859.08
  0 10  6 11 .1593E+06  86629.69
  0 10  6  9 .7800E+06  88096.62
  0 10  7 11 .3220E+03  84226.18
  0 10  7  9 .2195E+05  85574.25
  0 10  8 11 .6415E+03  82083.25
  0 10  8  9 .2584E+03  83304.21
  0 10  9 11 .3495E+02  80222.64
  0 10  9  9 .1708E+03  81304.40
  0 10 10 11 .9972E+01  78677.59
  0 10 10  9 .2299E+01  79600.89
  0 10 11 11 .2505E+01  77498.14
  0 10 11  9 .8141E-01  78231.65
  0 10 12  9 .4097E-01  77255.68
  0 11  0 12 .6477E+07 105298.35
  0 11  0 10 .1160E+08 107566.15
  0 11  1 12 .2425E+08 101565.52
  0 11  1 10 .4380E+08 103713.17
  0 11  2 12 .3554E+08  98059.81
  0 11  2 10 .6955E+08 100089.54
  0 11  3 12 .2602E+08  94780.18
  0 11  3 10 .5724E+08  96692.94
  0 11  4 12 .1038E+08  91727.48
  0 11  4 10 .2630E+08  93522.51
  0 11  5 12 .2053E+07  88905.19
  0 11  5 10 .6749E+07  90580.75
  0 11  6 12 .1111E+06  86320.59
  0 11  6 10 .7766E+06  87872.61
  0 11  7 12 .1521E+02  83984.64
  0 11  7 10 .1687E+05  85406.85
  0 11  8 12 .6728E+02  81914.92
  0 11  8 10 .3952E+03  83197.16
  0 11  9 12 .9333E+03  80135.73
  0 11  9 10 .2971E+03  81263.44
  0 11 10 12 .9721E+02  78684.97
  0 11 10 10 .5774E+03  79634.28
  0 11 11 12 .1852E+02  77623.85
  0 11 11 10 .2390E+03  78353.33
  0 11 12 10 .1185E+03  77492.36
  0 12  0 13 .6017E+07 104589.79
  0 12  0 11 .1092E+08 106981.58
  0 12  1 13 .2265E+08 100922.55
  0 12  1 11 .4267E+08 103186.49
  0 12  2 13 .3320E+08  97481.51
  0 12  2 11 .6777E+08  99620.03
  0 12  3 13 .2451E+08  94266.53
  0 12  3 11 .5654E+08  96279.78
  0 12  4 13 .9613E+07  91279.00
  0 12  4 11 .2649E+08  93166.13
  0 12  5 13 .1786E+07  88523.39
  0 12  5 11 .6678E+07  90281.93
  0 12  6 13 .9467E+05  86007.79
  0 12  6 11 .7350E+06  87633.01
  0 12  7 13 .2264E+03  83745.39
  0 12  7 11 .1542E+05  85229.50
  0 12  8 13 .8087E+03  81755.16
  0 12  8 11 .9509E+03  83086.57
  0 12  9 13 .3879E+02  80065.97
  0 12  9 11 .1671E+03  81225.96
  0 12 10 13 .2042E+02  78722.00
  0 12 10 11 .9771E+02  79680.91
  0 12 11 11 .3877E+01  78501.46
  0 13  0 14 .5549E+07 103856.42
  0 13  0 12 .1031E+08 106358.41
  0 13  1 14 .2112E+08 100257.94
  0 13  1 12 .4087E+08 102625.58
  0 13  2 14 .3105E+08  96885.29
  0 13  2 12 .6580E+08  99119.87
  0 13  3 14 .2295E+08  93738.77
  0 13  3 12 .5570E+08  95840.24
  0 13  4 14 .8903E+07  90820.46
  0 13  4 12 .2634E+08  92787.54
  0 13  5 14 .1567E+07  88135.65
  0 13  5 12 .6593E+07  89965.25
  0 13  6 14 .6735E+05  85694.12
  0 13  6 12 .6999E+06  87380.65
  0 13  7 14 .1092E+04  83510.73
  0 13  7 12 .1190E+05  85044.70
  0 13  8 14 .9178E+03  81607.86
  0 13  8 12 .1644E+04  82974.98
  0 13  9 14 .2374E+02  80018.31
  0 13  9 12 .1343E+03  81195.79
  0 13 10 14 .6290E+02  78796.31
  0 13 10 12 .1598E+03  79745.03
  0 13 11 12 .2985E+01  78683.91
  0 14  0 15 .5116E+07 103100.21
  0 14  0 13 .9631E+07 105700.05
  0 14  1 15 .1957E+08  99574.29
  0 14  1 13 .3875E+08 102032.81
  0 14  2 15 .2903E+08  96273.60
  0 14  2 13 .6350E+08  98591.77
  0 14  3 15 .2147E+08  93198.88
  0 14  3 13 .5454E+08  95376.79
  0 14  4 15 .8184E+07  90353.56
  0 14  4 13 .2602E+08  92389.26
  0 14  5 15 .1359E+07  87744.23
  0 14  5 13 .6493E+07  89633.65
  0 14  6 15 .4385E+05  85382.03
  0 14  6 13 .6533E+06  87118.05
  0 14  7 15 .2753E+04  83284.21
  0 14  7 13 .7286E+04  84855.65
  0 14  8 15 .1023E+04  81476.18
  0 14  8 13 .2030E+04  82865.42
  0 14  9 15 .4369E+01  79997.96
  0 14  9 13 .1440E+03  81176.23
  0 14 10 15 .1696E+02  78919.29
  0 14 10 13 .8461E+02  79832.26
  0 15  0 16 .4696E+07 102325.21
  0 15  0 14 .8870E+07 105010.17
  0 15  1 16 .1805E+08  98874.53
  0 15  1 14 .3645E+08 101411.69
  0 15  2 16 .2703E+08  95649.00
  0 15  2 14 .6078E+08  98039.04
  0 15  3 16 .2005E+08  92649.72
  0 15  3 14 .5307E+08  94892.52
  0 15  4 16 .7480E+07  89881.35
  0 15  4 14 .2558E+08  91974.21
  0 15  5 16 .1148E+07  87351.77
  0 15  5 14 .6331E+07  89289.40
  0 15  6 16 .2480E+05  85074.32
  0 15  6 14 .5999E+06  86847.87
  0 15  7 16 .5326E+04  83068.39
  0 15  7 14 .3373E+04  84664.48
  0 15  8 16 .1167E+04  81365.03
  0 15  8 14 .2785E+04  82761.61
  0 15  9 16 .1301E+02  80012.26
  0 15  9 14 .8793E+02  81172.06
  0 15 10 14 .3897E+01  79950.06
  0 16  0 17 .4258E+07 101533.01
  0 16  0 15 .8095E+07 104290.64
  0 16  1 17 .1657E+08  98160.82
  0 16  1 15 .3391E+08 100764.72
  0 16  2 17 .2507E+08  95013.36
  0 16  2 15 .5769E+08  97464.03
  0 16  3 17 .1861E+08  92093.09
  0 16  3 15 .5129E+08  94389.31
  0 16  4 17 .6775E+07  89405.51
  0 16  4 15 .2498E+08  91543.99
  0 16  5 17 .9481E+06  86960.52
  0 16  5 15 .6115E+07  88934.66
  0 16  6 17 .9811E+04  84773.17
  0 16  6 15 .5331E+06  86572.46
  0 16  7 17 .9135E+04  82867.11
  0 16  7 15 .7777E+03  84474.64
  0 16  8 17 .1065E+04  81278.65
  0 16  8 15 .3763E+04  82666.61
  0 16  9 17 .4019E+01  80071.13
  0 16  9 15 .6274E+02  81188.39
  0 16 10 15 .5396E+02  80109.72
  0 17  0 18 .3826E+07 100726.15
  0 17  0 16 .7284E+07 103545.41
  0 17  1 18 .1512E+08  97435.31
  0 17  1 16 .3118E+08 100094.73
  0 17  2 18 .2311E+08  94369.26
  0 17  2 16 .5425E+08  96869.20
  0 17  3 18 .1715E+08  91531.23
  0 17  3 16 .4919E+08  93869.92
  0 17  4 18 .6072E+07  88928.65
  0 17  4 16 .2420E+08  91101.55
  0 17  5 18 .7488E+06  86573.00
  0 17  5 16 .5839E+07  88571.97
  0 17  6 18 .9548E+03  84482.25
  0 17  6 16 .4610E+06  86294.52
  0 17  7 18 .1412E+05  82684.10
  0 17  7 16 .4623E+02  84288.59
  0 17  8 18 .9030E+03  81224.17
  0 17  8 16 .5090E+04  82585.23
  0 17  9 16 .3547E+02  81232.46
  0 18  0 19 .3403E+07  99906.96
  0 18  0 17 .6448E+07 102775.92
  0 18  1 19 .1365E+08  96699.50
  0 18  1 17 .2830E+08  99403.73
  0 18  2 19 .2112E+08  93717.62
  0 18  2 17 .5047E+08  96256.27
  0 18  3 19 .1567E+08  90965.40
  0 18  3 17 .4674E+08  93336.00
  0 18  4 19 .5343E+07  88451.93
  0 18  4 17 .2324E+08  90648.42
  0 18  5 19 .5553E+06  86190.76
  0 18  5 17 .5505E+07  88203.43
  0 18  6 19 .1986E+04  84203.39
  0 18  6 17 .3784E+06  86016.08
  0 18  7 19 .2083E+05  82523.86
  0 18  7 17 .2425E+04  84110.02
  0 18  8 19 .7211E+03  81210.99
  0 18  8 17 .6618E+04  82521.56
  0 18  9 17 .1265E+02  81314.04
  0 19  0 20 .2960E+07  99076.16
  0 19  0 18 .5600E+07 101984.50
  0 19  1 20 .1223E+08  95955.55
  0 19  1 18 .2531E+08  98693.66
  0 19  2 20 .1905E+08  93060.67
  0 19  2 18 .4626E+08  95627.61
  0 19  3 20 .1412E+08  90397.76
  0 19  3 18 .4396E+08  92789.58
  0 19  4 20 .4611E+07  87977.52
  0 19  4 18 .2208E+08  90187.00
  0 19  5 20 .3675E+06  85816.54
  0 19  5 18 .5077E+07  87831.35
  0 19  6 20 .1795E+05  83940.84
  0 19  6 18 .2952E+06  85740.60
  0 19  7 20 .2925E+05  82392.73
  0 19  7 18 .1010E+05  83942.45
  0 19  8 18 .9664E+04  82482.52
  1  0  0  1 .4971E+08 112240.17
  1  0  1  1 .8950E+08 108084.92
  1  0  2  1 .2884E+08 104164.86
  1  0  3  1 .5081E+07 100475.16
  1  0  4  1 .5786E+08  97012.86
  1  0  5  1 .6324E+08  93776.96
  1  0  6  1 .2589E+08  90768.85
  1  0  7  1 .4188E+07  87992.53
  1  0  8  1 .1321E+06  85455.49
  1  0  9  1 .3881E+04  83169.03
  1  0 10  1 .1149E+04  81149.74
  1  0 11  1 .3065E+01  79420.87
  1  0 12  1 .1594E+02  78014.74
  1  0 13  1 .9691E+01  76976.36
  1  0 14  1 .3111E+01  76368.15
  1  1  0  2 .2981E+08 112050.24
  1  1  0  0 .1963E+08 112404.59
  1  1  1  2 .5134E+08 107906.77
  1  1  1  0 .3808E+08 108243.45
  1  1  2  2 .1527E+08 103998.30
  1  1  2  0 .1384E+08 104317.66
  1  1  3  2 .4426E+07 100319.93
  1  1  3  0 .8624E+06 100622.23
  1  1  4  2 .3957E+08  96868.89
  1  1  4  0 .1798E+08  97154.28
  1  1  5  2 .4091E+08  93644.31
  1  1  5  0 .2184E+08  93912.67
  1  1  6  2 .1602E+08  90647.61
  1  1  6  0 .9648E+07  90898.81
  1  1  7  2 .2613E+07  87883.06
  1  1  7  0 .1531E+07  88116.68
  1  1  8  2 .8310E+05  85358.25
  1  1  8  0 .4404E+05  85573.43
  1  1  9  2 .9499E+04  83084.82
  1  1  9  0 .4194E+03  83280.50
  1  1 10  2 .1251E+03  81079.82
  1  1 10  0 .8871E+03  81254.12
  1  1 11  2 .1186E+05  79366.49
  1  1 11  0 .2325E+05  79517.46
  1  1 12  2 .2668E+04  77978.34
  1  1 12  0 .6328E+04  78102.39
  1  1 13  2 .6104E+03  76961.57
  1  1 13  0 .9790E+03  77053.23
  1  1 14  2 .6482E+02  76381.47
  1  1 14  0 .7855E+02  76431.21
  1  2  0  3 .2385E+08 111790.86
  1  2  0  1 .2512E+08 112377.90
  1  2  1  3 .3989E+08 107664.99
  1  2  1  1 .4931E+08 108222.65
  1  2  2  3 .1070E+08 103773.70
  1  2  2  1 .1888E+08 104302.59
  1  2  3  3 .4953E+07 100112.26
  1  2  3  1 .6947E+06 100612.89
  1  2  4  3 .3583E+08  96678.13
  1  2  4  1 .2104E+08  97150.59
  1  2  5  3 .3544E+08  93470.39
  1  2  5  1 .2647E+08  93914.69
  1  2  6  3 .1341E+08  90490.82
  1  2  6  1 .1185E+08  90906.58
  1  2  7  3 .2136E+07  87743.87
  1  2  7  1 .1914E+07  88130.26
  1  2  8  3 .6215E+05  85237.42
  1  2  8  1 .5816E+05  85593.22
  1  2  9  3 .1238E+05  82983.46
  1  2  9  1 .3092E+03  83306.76
  1  2 10  3 .2167E+00  80999.44
  1  2 10  1 .9322E+03  81287.47
  1  2 11  3 .1871E+05  79309.85
  1  2 11  1 .2553E+05  79558.60
  1  2 12  3 .3154E+04  77948.98
  1  2 12  1 .7905E+04  78152.47
  1  2 13  3 .8110E+03  76965.10
  1  2 13  1 .1236E+04  77114.09
  1  2 14  3 .7057E+02  76428.48
  1  2 14  1 .1098E+03  76505.88
  1  3  0  4 .2037E+08 111465.20
  1  3  0  2 .2761E+08 112279.63
  1  3  1  4 .3283E+08 107362.62
  1  3  1  2 .5672E+08 108136.16
  1  3  2  4 .7938E+07 103494.12
  1  3  2  2 .2183E+08 104227.69
  1  3  3  4 .5400E+07  99855.20
  1  3  3  2 .5354E+06 100549.32
  1  3  4  4 .3408E+08  96443.32
  1  3  4  2 .2158E+08  97098.28
  1  3  5  4 .3242E+08  93257.99
  1  3  5  2 .2875E+08  93873.70
  1  3  6  4 .1154E+08  90301.13
  1  3  6  2 .1312E+08  90877.00
  1  3  7  4 .1881E+07  87577.62
  1  3  7  2 .1994E+07  88112.45
  1  3  8  4 .7062E+05  85095.54
  1  3  8  2 .5368E+05  85587.64
  1  3  9  4 .2704E+05  82867.56
  1  3  9  2 .7034E+03  83314.21
  1  3 10  4 .1373E+03  80911.83
  1  3 10  2 .4931E+03  81309.21
  1  3 11  4 .4380E+05  79253.88
  1  3 11  2 .4113E+05  79595.88
  1  3 12  4 .2640E+04  77929.65
  1  3 12  2 .1747E+05  78207.73
  1  3 13  4 .6705E+03  76990.51
  1  3 13  2 .3656E+04  77190.96
  1  3 14  4 .2046E+02  76515.86
  1  3 14  2 .5991E+03  76610.86
  1  4  0  5 .1731E+08 111076.64
  1  4  0  3 .3041E+08 112111.31
  1  4  1  5 .2893E+08 107002.90
  1  4  1  3 .5882E+08 107985.44
  1  4  2  5 .6049E+07 103162.70
  1  4  2  3 .2485E+08 104094.15
  1  4  3  5 .6123E+07  99551.58
  1  4  3  3 .3264E+06 100432.71
  1  4  4  5 .3166E+08  96167.37
  1  4  4  3 .2295E+08  96998.58
  1  4  5  5 .2973E+08  93009.82
  1  4  5  3 .2977E+08  93790.84
  1  4  6  5 .1094E+08  90081.24
  1  4  6  3 .1322E+08  90811.27
  1  4  7  5 .1466E+07  87386.75
  1  4  7  3 .2292E+07  88064.32
  1  4  8  5 .2284E+05  84935.13
  1  4  8  3 .8500E+05  85557.87
  1  4  9  5 .3100E+04  82739.63
  1  4  9  3 .2360E+04  83303.91
  1  4 10  5 .6482E+03  80819.35
  1  4 10  3 .7929E+03  81319.89
  1  4 11  5 .1562E+03  79201.25
  1  4 11  3 .3035E+03  79630.30
  1  4 12  5 .1877E+02  77923.57
  1  4 12  3 .9355E+02  78269.43
  1  4 13  5 .5409E+01  77041.91
  1  4 13  3 .2294E+02  77285.55
  1  4 14  3 .2393E+01  76748.93
  1  5  0  6 .1553E+08 110629.28
  1  5  0  4 .3134E+08 111875.26
  1  5  1  6 .2529E+08 106589.76
  1  5  1  4 .6154E+08 107772.68
  1  5  2  6 .4924E+07 102782.84
  1  5  2  4 .2653E+08 103904.18
  1  5  3  6 .6315E+07  99204.86
  1  5  3  4 .2402E+06 100265.26
  1  5  4  6 .3029E+08  95853.68
  1  5  4  4 .2300E+08  96853.38
  1  5  5  6 .2750E+08  92729.27
  1  5  5  4 .3049E+08  93668.05
  1  5  6  6 .9789E+07  89834.27
  1  5  6  4 .1376E+08  90711.19
  1  5  7  6 .1261E+07  87174.50
  1  5  7  4 .2354E+07  87987.68
  1  5  8  6 .1395E+05  84759.34
  1  5  8  4 .7714E+05  85505.60
  1  5  9  6 .5317E+04  82602.83
  1  5  9  4 .1595E+04  83277.62
  1  5 10  6 .2476E+03  80725.28
  1  5 10  4 .7536E+03  81321.89
  1  5 11  6 .3954E+03  79155.50
  1  5 11  4 .3584E+03  79663.94
  1  5 12  6 .2823E+02  77934.62
  1  5 12  4 .4767E+02  78339.71
  1  5 13  6 .2221E+02  77125.01
  1  5 13  4 .3221E+01  77400.57
  1  5 14  4 .1113E+00  76925.92
  1  6  0  7 .3631E+08 110126.46
  1  6  0  5 .4485E+07 111573.82
  1  6  1  7 .3560E+05 106126.59
  1  6  1  5 .9559E+08 107500.08
  1  6  2  7 .1217E+08 102358.35
  1  6  2  5 .8625E+07 103659.88
  1  6  3  7 .1211E+05  98818.57
  1  6  3  5 .4474E+07 100048.76
  1  6  4  7 .6307E+08  95505.27
  1  6  4  5 .2032E+07  96664.55
  1  6  5  7 .1266E+08  92419.09
  1  6  5  5 .1868E+08  93507.00
  1  6  6  7 .7809E+06  89563.08
  1  6  6  5 .3220E+08  90578.42
  1  6  7  7 .1459E+08  86943.59
  1  6  7  5 .1836E+05  87883.93
  1  6  8  7 .1840E+07  84570.89
  1  6  8  5 .4899E+07  85432.31
  1  6  9  7 .1719E+08  82459.89
  1  6  9  5 .7976E+07  83236.81
  1  6 10  7 .8436E+07  80632.57
  1  6 10  5 .3062E+06  81316.53
  1  6 11  7 .7353E+08  79119.97
  1  6 11  5 .8440E+08  79698.43
  1  6 12  7 .3028E+07  77967.42
  1  6 12  5 .2262E+08  78420.75
  1  6 13  7 .2299E+07  77247.18
  1  6 13  5 .5065E+07  77539.09
  1  7  0  8 .1283E+08 109573.44
  1  7  0  6 .3206E+08 111210.41
  1  7  1  8 .2107E+08 105617.40
  1  7  1  6 .6304E+08 107170.89
  1  7  2  8 .3659E+07 101893.05
  1  7  2  6 .2894E+08 103363.97
  1  7  3  8 .6283E+07  98396.29
  1  7  3  6 .1021E+06  99785.99
  1  7  4  8 .2678E+08  95126.11
  1  7  4  6 .2299E+08  96434.81
  1  7  5  8 .2355E+08  92083.03
  1  7  5  6 .3112E+08  93310.40
  1  7  6  8 .8096E+07  89271.27
  1  7  6  6 .1414E+08  90415.40
  1  7  7  8 .8199E+06  86697.51
  1  7  7  6 .2439E+07  87755.63
  1  7  8  8 .7480E+03  84373.09
  1  7  8  6 .7089E+05  85340.47
  1  7  9  8 .1639E+04  82314.38
  1  7  9  6 .4894E+04  83183.96
  1  7 10  8 .1758E+04  80544.74
  1  7 10  6 .1160E+04  81306.41
  1  7 11  8 .1891E+04  79098.89
  1  7 11  6 .2360E+04  79736.63
  1  7 12  8 .1977E+02  78027.16
  1  7 12  6 .1137E+04  78515.75
  1  7 13  6 .4000E+03  77706.14
  1  8  0  9 .1195E+08 108972.96
  1  8  0  7 .3142E+08 110787.36
  1  8  1  9 .1959E+08 105066.65
  1  8  1  7 .6361E+08 106787.49
  1  8  2  9 .3356E+07 101390.13
  1  8  2  7 .2941E+08 103019.25
  1  8  3  9 .5902E+07  97941.10
  1  8  3  7 .5811E+05  99479.47
  1  8  4  9 .2516E+08  94718.50
  1  8  4  7 .2232E+08  96166.17
  1  8  5  9 .2183E+08  91723.72
  1  8  5  7 .3133E+08  93079.99
  1  8  6  9 .7130E+07  88961.26
  1  8  6  7 .1429E+08  90223.98
  1  8  7  9 .6776E+06  86438.89
  1  8  7  7 .2354E+07  87604.49
  1  8  8  9 .2134E+02  84168.85
  1  8  8  7 .6211E+05  85231.79
  1  8  9  9 .5708E+04  82169.04
  1  8  9  7 .5319E+04  83120.79
  1  8 10  9 .3482E+03  80465.53
  1  8 10  7 .1149E+04  81293.47
  1  8 11  9 .4253E+02  79096.29
  1  8 11  7 .2914E+03  79780.87
  1  8 12  9 .9097E+01  78120.32
  1  8 12  7 .2772E+02  78628.32
  1  8 13  7 .1165E+02  77908.08
  1  9  0 10 .1118E+08 108329.97
  1  9  0  8 .3074E+08 110309.05
  1  9  1 10 .1849E+08 104476.99
  1  9  1  8 .6306E+08 106353.01
  1  9  2 10 .3213E+07 100853.36
  1  9  2  8 .3000E+08 102628.66
  1  9  3 10 .5475E+07  97456.76
  1  9  3  8 .2056E+05  99131.90
  1  9  4 10 .2337E+08  94286.33
  1  9  4  8 .2169E+08  95861.72
  1  9  5 10 .2010E+08  91344.57
  1  9  5  8 .3111E+08  92818.64
  1  9  6 10 .6349E+07  88636.43
  1  9  6  8 .1426E+08  90006.88
  1  9  7 10 .5214E+06  86170.67
  1  9  7  8 .2294E+07  87433.12
  1  9  8 10 .1263E+04  83960.98
  1  9  8  8 .5071E+05  85108.70
  1  9  9 10 .5918E+04  82027.26
  1  9  9  8 .7083E+04  83049.99
  1  9 10 10 .3791E+03  80398.10
  1  9 10  8 .1256E+04  81280.35
  1  9 11 10 .1433E+03  79117.15
  1  9 11  8 .5862E+03  79834.50
  1  9 12 10 .4585E+01  78256.18
  1  9 12  8 .5822E+02  78762.77
  1 10  0 11 .1051E+08 107647.82
  1 10  0  9 .2972E+08 109777.88
  1 10  1 11 .1760E+08 103852.73
  1 10  1  9 .6223E+08 105871.57
  1 10  2 11 .3170E+07 100286.27
  1 10  2  9 .3043E+08 102195.05
  1 10  3 11 .4934E+07  96946.02
  1 10  3  9 .9590E+03  98746.02
  1 10  4 11 .2159E+08  93832.37
  1 10  4  9 .2077E+08  95523.42
  1 10  5 11 .1845E+08  90948.17
  1 10  5  9 .3070E+08  92528.64
  1 10  6 11 .5569E+07  88299.25
  1 10  6  9 .1413E+08  89766.18
  1 10  7 11 .3875E+06  85895.74
  1 10  7  9 .2193E+07  87243.81
  1 10  8 11 .5451E+04  83752.81
  1 10  8  9 .3867E+05  84973.77
  1 10  9 11 .7350E+04  81892.20
  1 10  9  9 .9648E+04  82973.96
  1 10 10 11 .1595E+03  80347.15
  1 10 10  9 .1199E+04  81270.45
  1 10 11 11 .1079E+03  79167.70
  1 10 11  9 .5146E+03  79901.21
  1 10 12  9 .9931E+01  78925.24
  1 11  0 12 .9926E+07 106930.43
  1 11  0 10 .2850E+08 109198.23
  1 11  1 12 .1683E+08 103197.60
  1 11  1 10 .6086E+08 105345.25
  1 11  2 12 .3229E+07  99691.89
  1 11  2 10 .3087E+08 101721.62
  1 11  3 12 .4339E+07  96412.26
  1 11  3 10 .9929E+04  98325.02
  1 11  4 12 .1979E+08  93359.56
  1 11  4 10 .1966E+08  95154.59
  1 11  5 12 .1680E+08  90537.27
  1 11  5 10 .2999E+08  92212.83
  1 11  6 12 .4834E+07  87952.67
  1 11  6 10 .1388E+08  89504.69
  1 11  7 12 .2683E+06  85616.72
  1 11  7 10 .2070E+07  87038.93
  1 11  8 12 .1347E+05  83547.00
  1 11  8 10 .2431E+05  84829.24
  1 11  9 12 .8188E+04  81767.81
  1 11  9 10 .1227E+05  82895.52
  1 11 10 12 .6046E+02  80317.05
  1 11 10 10 .1137E+04  81266.36
  1 11 11 12 .3219E+02  79255.93
  1 11 11 10 .3204E+03  79985.41
  1 11 12 10 .4735E-01  79124.44
  1 12  0 13 .9350E+07 106181.25
  1 12  0 11 .2704E+08 108573.04
  1 12  1 13 .1619E+08 102514.01
  1 12  1 11 .5915E+08 104777.95
  1 12  2 13 .3343E+07  99072.97
  1 12  2 11 .3120E+08 101211.49
  1 12  3 13 .3705E+07  95857.99
  1 12  3 11 .6371E+05  97871.24
  1 12  4 13 .1795E+08  92870.46
  1 12  4 11 .1831E+08  94757.59
  1 12  5 13 .1520E+08  90114.85
  1 12  5 11 .2906E+08  91873.39
  1 12  6 13 .4120E+07  87599.25
  1 12  6 11 .1349E+08  89224.47
  1 12  7 13 .1651E+06  85336.85
  1 12  7 11 .1913E+07  86820.96
  1 12  8 13 .2576E+05  83346.62
  1 12  8 11 .1274E+05  84678.03
  1 12  9 13 .8847E+04  81657.43
  1 12  9 11 .1682E+05  82817.42
  1 12 10 13 .1476E+02  80313.46
  1 12 10 11 .9957E+03  81272.37
  1 12 11 11 .4303E+03  80092.92
  1 13  0 14 .8797E+07 105403.86
  1 13  0 12 .2537E+08 107905.85
  1 13  1 14 .1559E+08 101805.38
  1 13  1 12 .5708E+08 104173.02
  1 13  2 14 .3519E+07  98432.73
  1 13  2 12 .3145E+08 100667.31
  1 13  3 14 .3051E+07  95286.21
  1 13  3 12 .1813E+06  97387.68
  1 13  4 14 .1612E+08  92367.90
  1 13  4 12 .1673E+08  94334.98
  1 13  5 14 .1361E+08  89683.09
  1 13  5 12 .2786E+08  91512.69
  1 13  6 14 .3422E+07  87241.56
  1 13  6 12 .1296E+08  88928.09
  1 13  7 14 .8445E+05  85058.17
  1 13  7 12 .1723E+07  86592.14
  1 13  8 14 .4365E+05  83155.30
  1 13  8 12 .3507E+04  84522.42
  1 13  9 14 .9651E+04  81565.75
  1 13  9 12 .2241E+05  82743.23
  1 13 10 14 .1250E+02  80343.75
  1 13 10 12 .7775E+03  81292.47
  1 13 11 12 .2749E+03  80231.35
  1 14  0 15 .8239E+07 104599.89
  1 14  0 13 .2355E+08 107199.73
  1 14  1 15 .1499E+08 101073.97
  1 14  1 13 .5452E+08 103532.49
  1 14  2 15 .3754E+07  97773.28
  1 14  2 13 .3167E+08 100091.45
  1 14  3 15 .2413E+07  94698.56
  1 14  3 13 .3839E+06  96876.47
  1 14  4 15 .1427E+08  91853.24
  1 14  4 13 .1498E+08  93888.94
  1 14  5 15 .1202E+08  89243.91
  1 14  5 13 .2632E+08  91133.33
  1 14  6 15 .2759E+07  86881.71
  1 14  6 13 .1231E+08  88617.73
  1 14  7 15 .2589E+05  84783.89
  1 14  7 13 .1508E+07  86355.33
  1 14  8 15 .6842E+05  82975.86
  1 14  8 13 .5647E+02  84365.10
  1 14  9 15 .9730E+04  81497.64
  1 14  9 13 .2895E+05  82675.91
  1 14 10 15 .4786E+02  80418.97
  1 14 10 13 .6459E+03  81331.94
  1 15  0 16 .7651E+07 103772.92
  1 15  0 14 .2154E+08 106457.88
  1 15  1 16 .1438E+08 100322.24
  1 15  1 14 .5158E+08 102859.40
  1 15  2 16 .4023E+07  97096.71
  1 15  2 14 .3172E+08  99486.75
  1 15  3 16 .1801E+07  94097.43
  1 15  3 14 .6969E+06  96340.23
  1 15  4 16 .1241E+08  91329.06
  1 15  4 14 .1305E+08  93421.92
  1 15  5 16 .1042E+08  88799.48
  1 15  5 14 .2452E+08  90737.11
  1 15  6 16 .2115E+07  86522.03
  1 15  6 14 .1149E+08  88295.58
  1 15  7 16 .2898E+03  84516.10
  1 15  7 14 .1267E+07  86112.19
  1 15  8 16 .1035E+06  82812.74
  1 15  8 14 .7121E+04  84209.32
  1 15  9 16 .9545E+04  81459.97
  1 15  9 14 .3863E+05  82619.77
  1 15 10 14 .4585E+03  81397.77
  1 16  0 17 .7054E+07 102923.77
  1 16  0 15 .1934E+08 105681.40
  1 16  1 17 .1365E+08  99551.58
  1 16  1 15 .4824E+08 102155.48
  1 16  2 17 .4337E+07  96404.12
  1 16  2 15 .3156E+08  98854.79
  1 16  3 17 .1231E+07  93483.85
  1 16  3 15 .1139E+07  95780.07
  1 16  4 17 .1059E+08  90796.27
  1 16  4 15 .1095E+08  92934.75
  1 16  5 17 .8779E+07  88351.28
  1 16  5 15 .2239E+08  90325.42
  1 16  6 17 .1494E+07  86163.93
  1 16  6 15 .1054E+08  87963.22
  1 16  7 17 .1986E+05  84257.87
  1 16  7 15 .9973E+06  85865.40
  1 16  8 17 .1576E+06  82669.41
  1 16  8 15 .3265E+05  84057.37
  1 16  9 17 .9700E+04  81461.89
  1 16  9 15 .5058E+05  82579.15
  1 16 10 15 .2373E+03  81500.48
  1 17  0 18 .6317E+07 102053.80
  1 17  0 16 .1707E+08 104873.06
  1 17  1 18 .1298E+08  98762.96
  1 17  1 16 .4420E+08 101422.38
  1 17  2 18 .4606E+07  95696.91
  1 17  2 16 .3114E+08  98196.85
  1 17  3 18 .7510E+06  92858.88
  1 17  3 16 .1754E+07  95197.57
  1 17  4 18 .8624E+07  90256.30
  1 17  4 16 .8802E+07  92429.20
  1 17  5 18 .7189E+07  87900.65
  1 17  5 16 .1994E+08  89899.62
  1 17  6 18 .9365E+06  85809.90
  1 17  6 16 .9354E+07  87622.17
  1 17  7 18 .1214E+06  84011.75
  1 17  7 16 .7225E+06  85616.24
  1 17  8 18 .2285E+06  82551.82
  1 17  8 16 .8764E+05  83912.88
  1 17  9 16 .7839E+05  82560.11
  2  0  0  1 .6312E+08 113956.57
  2  0  1  1 .4877E+08 109801.32
  2  0  2  1 .6790E+06 105881.26
  2  0  3  1 .4664E+08 102191.56
  2  0  4  1 .2362E+08  98729.26
  2  0  5  1 .3665E+07  95493.36
  2  0  6  1 .4010E+08  92485.25
  2  0  7  1 .3271E+08  89708.93
  2  0  8  1 .7010E+07  87171.89
  2  0  9  1 .1187E+06  84885.43
  2  0 10  1 .5773E+05  82866.14
  2  0 11  1 .5820E+04  81137.27
  2  0 12  1 .6127E+02  79731.14
  2  0 13  1 .2066E+00  78692.76
  2  0 14  1 .2218E+01  78084.55
  2  1  0  2 .3933E+08 113763.89
  2  1  0  0 .2361E+08 114118.24
  2  1  1  2 .3037E+08 109620.42
  2  1  1  0 .1844E+08 109957.10
  2  1  2  2 .3786E+06 105711.95
  2  1  2  0 .2735E+06 106031.31
  2  1  3  2 .2792E+08 102033.58
  2  1  3  0 .1857E+08 102335.88
  2  1  4  2 .1324E+08  98582.54
  2  1  4  0 .1059E+08  98867.93
  2  1  5  2 .3066E+07  95357.96
  2  1  5  0 .6684E+06  95626.32
  2  1  6  2 .2670E+08  92361.26
  2  1  6  0 .1306E+08  92612.46
  2  1  7  2 .2078E+08  89596.71
  2  1  7  0 .1163E+08  89830.33
  2  1  8  2 .4256E+07  87071.90
  2  1  8  0 .2664E+07  87287.08
  2  1  9  2 .5959E+05  84798.47
  2  1  9  0 .5368E+05  84994.15
  2  1 10  2 .4168E+05  82793.47
  2  1 10  0 .1775E+05  82967.77
  2  1 11  2 .3611E+04  81080.14
  2  1 11  0 .1970E+04  81231.11
  2  1 12  2 .6555E+03  79691.99
  2  1 12  0 .4515E+03  79816.04
  2  1 13  2 .3777E+02  78675.22
  2  1 13  0 .1174E+03  78766.88
  2  1 14  2 .2855E+02  78095.12
  2  1 14  0 .3650E+02  78144.86
  2  2  0  3 .3285E+08 113498.78
  2  2  0  1 .2972E+08 114085.82
  2  2  1  3 .2585E+08 109372.91
  2  2  1  1 .2302E+08 109930.57
  2  2  2  3 .2739E+06 105481.61
  2  2  2  1 .3254E+06 106010.50
  2  2  3  3 .2241E+08 101820.18
  2  2  3  1 .2376E+08 102320.81
  2  2  4  3 .9767E+07  98386.05
  2  2  4  1 .1448E+08  98858.51
  2  2  5  3 .3287E+07  95178.31
  2  2  5  1 .5464E+06  95622.61
  2  2  6  3 .2361E+08  92198.74
  2  2  6  1 .1546E+08  92614.50
  2  2  7  3 .1777E+08  89451.79
  2  2  7  1 .1409E+08  89838.18
  2  2  8  3 .3432E+07  86945.34
  2  2  8  1 .3293E+07  87301.14
  2  2  9  3 .2829E+05  84691.38
  2  2  9  1 .8099E+05  85014.68
  2  2 10  3 .3562E+05  82707.36
  2  2 10  1 .2483E+05  82995.39
  2  2 11  3 .2665E+04  81017.77
  2  2 11  1 .3538E+04  81266.52
  2  2 12  3 .3047E+03  79656.90
  2  2 12  1 .1165E+04  79860.39
  2  2 13  3 .6519E+02  78673.02
  2  2 13  1 .1914E+03  78822.01
  2  2 14  3 .2483E+02  78136.40
  2  2 14  1 .8405E+02  78213.80
  2  3  0  4 .2933E+08 113164.09
  2  3  0  2 .3269E+08 113978.52
  2  3  1  4 .2322E+08 109061.51
  2  3  1  2 .2573E+08 109835.05
  2  3  2  4 .1728E+06 105193.01
  2  3  2  2 .3546E+06 105926.58
  2  3  3  4 .1877E+08 101554.09
  2  3  3  2 .2693E+08 102248.21
  2  3  4  4 .7667E+07  98142.21
  2  3  4  2 .1713E+08  98797.17
  2  3  5  4 .3592E+07  94956.88
  2  3  5  2 .3645E+06  95572.59
  2  3  6  4 .2201E+08  92000.02
  2  3  6  2 .1605E+08  92575.89
  2  3  7  4 .1577E+08  89276.51
  2  3  7  2 .1526E+08  89811.34
  2  3  8  4 .2853E+07  86794.43
  2  3  8  2 .3621E+07  87286.53
  2  3  9  4 .1409E+05  84566.45
  2  3  9  2 .8196E+05  85013.10
  2  3 10  4 .3845E+05  82610.72
  2  3 10  2 .2664E+05  83008.10
  2  3 11  4 .2204E+04  80952.77
  2  3 11  2 .3428E+04  81294.77
  2  3 12  4 .5763E+02  79628.54
  2  3 12  2 .3936E+02  79906.62
  2  3 13  4 .3054E+01  78689.40
  2  3 13  2 .3521E-01  78889.85
  2  3 14  4 .5092E-02  78214.75
  2  3 14  2 .8058E+00  78309.75
  2  4  0  5 .2678E+08 112762.98
  2  4  0  3 .3453E+08 113797.65
  2  4  1  5 .2175E+08 108689.24
  2  4  1  3 .2731E+08 109671.78
  2  4  2  5 .8759E+05 104849.04
  2  4  2  3 .3557E+06 105780.49
  2  4  3  5 .1595E+08 101237.92
  2  4  3  3 .2911E+08 102119.05
  2  4  4  5 .6067E+07  97853.71
  2  4  4  3 .1944E+08  98684.92
  2  4  5  5 .3832E+07  94696.16
  2  4  5  3 .2078E+06  95477.18
  2  4  6  5 .2062E+08  91767.58
  2  4  6  3 .1611E+08  92497.61
  2  4  7  5 .1421E+08  89073.09
  2  4  7  3 .1578E+08  89750.66
  2  4  8  5 .2362E+07  86621.47
  2  4  8  3 .3784E+07  87244.21
  2  4  9  5 .2712E+04  84425.97
  2  4  9  3 .8447E+05  84990.25
  2  4 10  5 .3718E+05  82505.69
  2  4 10  3 .3160E+05  83006.23
  2  4 11  5 .1976E+04  80887.59
  2  4 11  3 .4061E+04  81316.64
  2  4 12  5 .1362E+03  79609.91
  2  4 12  3 .7616E+03  79955.77
  2  4 13  5 .2840E+02  78728.25
  2  4 13  3 .9105E+02  78971.89
  2  4 14  3 .3843E+02  78435.27
  2  5  0  6 .2499E+08 112299.43
  2  5  0  4 .3537E+08 113545.41
  2  5  1  6 .2095E+08 108259.91
  2  5  1  4 .2834E+08 109442.83
  2  5  2  6 .2018E+05 104452.99
  2  5  2  4 .3592E+06 105574.33
  2  5  3  6 .1350E+08 100875.01
  2  5  3  4 .3073E+08 101935.41
  2  5  4  6 .4872E+07  97523.83
  2  5  4  4 .2141E+08  98523.53
  2  5  5  6 .3981E+07  94399.42
  2  5  5  4 .8589E+05  95338.20
  2  5  6  6 .1932E+08  91504.42
  2  5  6  4 .1580E+08  92381.34
  2  5  7  6 .1274E+08  88844.65
  2  5  7  4 .1601E+08  89657.83
  2  5  8  6 .1927E+07  86429.49
  2  5  8  4 .3822E+07  87175.75
  2  5  9  6 .5900E+02  84272.98
  2  5  9  4 .7667E+05  84947.77
  2  5 10  6 .4082E+05  82395.43
  2  5 10  4 .3552E+05  82992.04
  2  5 11  6 .1438E+04  80825.65
  2  5 11  4 .4373E+04  81334.09
  2  5 12  6 .1799E+02  79604.77
  2  5 12  4 .5013E+03  80009.86
  2  5 13  6 .1912E+02  78795.16
  2  5 13  4 .1568E+02  79070.72
  2  5 14  4 .1112E+02  78596.07
  2  6  0  7 .2381E+08 111776.92
  2  6  0  5 .3545E+08 113224.28
  2  6  1  7 .2082E+08 107777.05
  2  6  1  5 .2870E+08 109150.54
  2  6  2  7 .3721E+04 104008.81
  2  6  2  5 .3582E+06 105310.34
  2  6  3  7 .1128E+08 100469.03
  2  6  3  5 .3199E+08 101699.22
  2  6  4  7 .3935E+07  97155.73
  2  6  4  5 .2327E+08  98315.01
  2  6  5  7 .4021E+07  94069.55
  2  6  5  5 .1531E+05  95157.46
  2  6  6  7 .1795E+08  91213.54
  2  6  6  5 .1521E+08  92228.88
  2  6  7  7 .1135E+08  88594.05
  2  6  7  5 .1596E+08  89534.39
  2  6  8  7 .1529E+07  86221.35
  2  6  8  5 .3793E+07  87082.77
  2  6  9  7 .5650E+04  84110.35
  2  6  9  5 .6324E+05  84887.27
  2  6 10  7 .4277E+05  82283.03
  2  6 10  5 .4128E+05  82966.99
  2  6 11  7 .1114E+04  80770.43
  2  6 11  5 .4585E+04  81348.89
  2  6 12  7 .2618E+02  79617.88
  2  6 12  5 .5682E+03  80071.21
  2  6 13  7 .1046E+02  78897.64
  2  6 13  5 .1194E+02  79189.55
  2  7  0  8 .2322E+08 111200.68
  2  7  0  6 .3472E+08 112837.65
  2  7  1  8 .2149E+08 107244.64
  2  7  1  6 .2839E+08 108798.13
  2  7  2  8 .1119E+06 103520.29
  2  7  2  6 .3772E+06 104991.21
  2  7  3  8 .9134E+07 100023.53
  2  7  3  6 .3304E+08 101413.23
  2  7  4  8 .3175E+07  96753.35
  2  7  4  6 .2508E+08  98062.05
  2  7  5  8 .3942E+07  93710.27
  2  7  5  6 .4359E+04  94937.64
  2  7  6  8 .1650E+08  90898.51
  2  7  6  6 .1437E+08  92042.64
  2  7  7  8 .9999E+07  88324.75
  2  7  7  6 .1567E+08  89382.87
  2  7  8  8 .1168E+07  86000.33
  2  7  8  6 .3680E+07  86967.71
  2  7  9  8 .2082E+05  83941.62
  2  7  9  6 .4581E+05  84811.20
  2  7 10  8 .4593E+05  82171.98
  2  7 10  6 .4841E+05  82933.65
  2  7 11  8 .7306E+03  80726.13
  2  7 11  6 .4711E+04  81363.87
  2  7 12  8 .5703E+01  79654.40
  2  7 12  6 .4699E+03  80142.99
  2  7 13  6 .1005E+01  79333.38
  2  8  0  9 .2331E+08 110574.21
  2  8  0  7 .3304E+08 112388.61
  2  8  1  9 .2333E+08 106667.90
  2  8  1  7 .2719E+08 108388.74
  2  8  2  9 .5184E+06 102991.38
  2  8  2  7 .4533E+06 104620.50
  2  8  3  9 .6893E+07  99542.35
  2  8  3  7 .3410E+08 101080.72
  2  8  4  9 .2505E+07  96319.75
  2  8  4  7 .2702E+08  97767.42
  2  8  5  9 .3739E+07  93324.97
  2  8  5  7 .8493E+05  94681.24
  2  8  6  9 .1493E+08  90562.51
  2  8  6  7 .1326E+08  91825.23
  2  8  7  9 .8647E+07  88040.14
  2  8  7  7 .1514E+08  89205.74
  2  8  8  9 .8399E+06  85770.10
  2  8  8  7 .3483E+07  86833.04
  2  8  9  9 .4631E+05  83770.29
  2  8  9  7 .2822E+05  84722.04
  2  8 10  9 .4978E+05  82066.78
  2  8 10  7 .5866E+05  82894.72
  2  8 11  9 .3742E+03  80697.54
  2  8 11  7 .4814E+04  81382.12
  2  8 12  9 .1065E+02  79721.57
  2  8 12  7 .5220E+03  80229.57
  2  8 13  7 .2524E+01  79509.33
  2  9  0 10 .2448E+08 109903.52
  2  9  0  8 .3004E+08 111882.60
  2  9  1 10 .2718E+08 106050.54
  2  9  1  8 .2447E+08 107926.56
  2  9  2 10 .1734E+07 102426.91
  2  9  2  8 .6794E+06 104202.21
  2  9  3 10 .4383E+07  99030.31
  2  9  3  8 .3564E+08 100705.45
  2  9  4 10 .1826E+07  95859.88
  2  9  4  8 .2939E+08  97435.27
  2  9  5 10 .3440E+07  92918.12
  2  9  5  8 .3265E+06  94392.19
  2  9  6 10 .1317E+08  90209.98
  2  9  6  8 .1172E+08  91580.43
  2  9  7 10 .7281E+07  87744.22
  2  9  7  8 .1424E+08  89006.67
  2  9  8 10 .5534E+06  85534.53
  2  9  8  8 .3207E+07  86682.25
  2  9  9 10 .8446E+05  83600.81
  2  9  9  8 .1144E+05  84623.54
  2  9 10 10 .5303E+05  81971.65
  2  9 10  8 .7089E+05  82853.90
  2  9 11 10 .1464E+03  80690.70
  2  9 11  8 .4790E+04  81408.05
  2  9 12 10 .7806E+01  79829.73
  2  9 12  8 .4507E+03  80336.32
  2 10  0 11 .2763E+08 109195.15
  2 10  0  9 .2461E+08 111325.21
  2 10  1 11 .3551E+08 105400.06
  2 10  1  9 .1892E+08 107418.90
  2 10  2 11 .5519E+07 101833.60
  2 10  2  9 .1462E+07 103742.38
  2 10  3 11 .1524E+07  98493.35
  2 10  3  9 .3850E+08 100293.35
  2 10  4 11 .1003E+07  95379.70
  2 10  4  9 .3265E+08  97070.75
  2 10  5 11 .3039E+07  92495.50
  2 10  5  9 .9277E+06  94075.97
  2 10  6 11 .1101E+08  89846.58
  2 10  6  9 .9459E+07  91313.51
  2 10  7 11 .5787E+07  87443.07
  2 10  7  9 .1272E+08  88791.14
  2 10  8 11 .3120E+06  85300.14
  2 10  8  9 .2807E+07  86521.10
  2 10  9 11 .1354E+06  83439.53
  2 10  9  9 .1232E+04  84521.29
  2 10 10 11 .5929E+05  81894.48
  2 10 10  9 .8194E+05  82817.78
  2 10 11 11 .3699E+03  80715.03
  2 10 11  9 .3410E+04  81448.54
  2 10 12  9 .1795E+04  80472.57
  2 11  0 12 .3428E+08 108463.99
  2 11  0 10 .1428E+08 110731.79
  2 11  1 12 .5482E+08 104731.16
  2 11  1 10 .8363E+07 106878.81
  2 11  2 12 .1862E+08 101225.45
  2 11  2 10 .4654E+07 103255.18
  2 11  3 12 .1887E+06  97945.82
  2 11  3 10 .4352E+08  99858.58
  2 11  4 12 .8421E+05  94893.12
  2 11  4 10 .3678E+08  96688.15
  2 11  5 12 .2401E+07  92070.83
  2 11  5 10 .2457E+07  93746.39
  2 11  6 12 .7779E+07  89486.23
  2 11  6 10 .5773E+07  91038.25
  2 11  7 12 .3928E+07  87150.28
  2 11  7 10 .9564E+07  88572.49
  2 11  8 12 .1206E+06  85080.56
  2 11  8 10 .2115E+07  86362.80
  2 11  9 12 .1770E+06  83301.37
  2 11  9 10 .1046E+04  84429.08
  2 11 10 12 .5342E+05  81850.61
  2 11 10 10 .9651E+05  82799.92
  2 11 11 12 .1754E+00  80789.49
  2 11 11 10 .4670E+04  81518.97
  2 11 12 10 .3802E+03  80658.00
  2 12  0 13 .2808E+06 107515.57
  2 12  0 11 .3786E+08 109907.36
  2 12  1 13 .9123E+07 103848.33
  2 12  1 11 .5810E+08 106112.27
  2 12  2 13 .3553E+08 100407.29
  2 12  2 11 .1679E+08 102545.81
  2 12  3 13 .3929E+08  97192.31
  2 12  3 11 .1351E+06  99205.56
  2 12  4 13 .9704E+07  94204.78
  2 12  4 11 .1827E+07  96091.91
  2 12  5 13 .6119E+06  91449.17
  2 12  5 11 .9392E+06  93207.71
  2 12  6 13 .5911E+07  88933.57
  2 12  6 11 .9721E+07  90558.79
  2 12  7 13 .2429E+07  86671.17
  2 12  7 11 .8219E+07  88155.28
  2 12  8 13 .5338E+04  84680.94
  2 12  8 11 .1203E+07  86012.35
  2 12  9 13 .1967E+06  82991.75
  2 12  9 11 .2595E+05  84151.74
  2 12 10 13 .2966E+05  81647.78
  2 12 10 11 .7989E+05  82606.69
  2 12 11 11 .1416E+04  81427.24
  2 13  0 14 .1403E+07 106724.34
  2 13  0 12 .3785E+08 109226.33
  2 13  1 14 .1427E+06 103125.86
  2 13  1 12 .5341E+08 105493.50
  2 13  2 14 .1307E+08  99753.21
  2 13  2 12 .9694E+07 101987.79
  2 13  3 14 .2536E+08  96606.69
  2 13  3 12 .3991E+07  98708.16
  2 13  4 14 .7618E+07  93688.38
  2 13  4 12 .8742E+07  95655.46
  2 13  5 14 .8192E+06  91003.57
  2 13  5 12 .1098E+05  92833.17
  2 13  6 14 .6630E+07  88562.04
  2 13  6 12 .9445E+07  90248.57
  2 13  7 14 .2480E+07  86378.65
  2 13  7 12 .9884E+07  87912.62
  2 13  8 14 .1414E+05  84475.78
  2 13  8 12 .1393E+07  85842.90
  2 13  9 14 .4117E+06  82886.23
  2 13  9 12 .9458E+05  84063.71
  2 13 10 14 .5121E+05  81664.23
  2 13 10 12 .1563E+06  82612.95
  2 13 11 12 .2697E+04  81551.83
  2 14  0 15 .3600E+07 105874.55
  2 14  0 13 .3370E+08 108474.39
  2 14  1 15 .7779E+06 102348.63
  2 14  1 13 .4729E+08 104807.15
  2 14  2 15 .5120E+07  99047.94
  2 14  2 13 .7337E+07 101366.11
  2 14  3 15 .1749E+08  95973.22
  2 14  3 13 .6289E+07  98151.13
  2 14  4 15 .6408E+07  93127.90
  2 14  4 13 .1291E+08  95163.60
  2 14  5 15 .6329E+06  90518.57
  2 14  5 13 .2117E+06  92407.99
  2 14  6 15 .5617E+07  88156.37
  2 14  6 13 .7607E+07  89892.39
  2 14  7 15 .1764E+07  86058.55
  2 14  7 13 .9213E+07  87629.99
  2 14  8 15 .1517E+06  84250.52
  2 14  8 13 .1116E+07  85639.76
  2 14  9 15 .6879E+06  82772.30
  2 14  9 13 .2408E+06  83950.57
  2 14 10 15 .7510E+05  81693.63
  2 14 10 13 .2444E+06  82606.60
  3  0  0  1 .6194E+08 115488.15
  3  0  1  1 .1570E+08 111332.90
  3  0  2  1 .1841E+08 107412.84
  3  0  3  1 .3147E+08 103723.14
  3  0  4  1 .9981E+06 100260.84
  3  0  5  1 .3409E+08  97024.94
  3  0  6  1 .9131E+07  94016.83
  3  0  7  1 .7668E+07  91240.51
  3  0  8  1 .2318E+08  88703.47
  3  0  9  1 .6674E+07  86417.01
  3  0 10  1 .3723E+04  84397.72
  3  0 11  1 .4059E+06  82668.85
  3  0 12  1 .2060E+05  81262.72
  3  0 13  1 .5522E+03  80224.34
  3  0 14  1 .5998E+02  79616.13
  3  1  0  2 .4195E+08 115292.85
  3  1  0  0 .1985E+08 115647.20
  3  1  1  2 .1139E+08 111149.38
  3  1  1  0 .4538E+07 111486.06
  3  1  2  2 .1151E+08 107240.91
  3  1  2  0 .6705E+07 107560.27
  3  1  3  2 .2148E+08 103562.54
  3  1  3  0 .1005E+08 103864.84
  3  1  4  2 .2909E+06 100111.50
  3  1  4  0 .8055E+06 100396.89
  3  1  5  2 .1914E+08  96886.92
  3  1  5  0 .1494E+08  97155.28
  3  1  6  2 .4718E+07  93890.22
  3  1  6  0 .4754E+07  94141.42
  3  1  7  2 .5506E+07  91125.67
  3  1  7  0 .1998E+07  91359.29
  3  1  8  2 .1487E+08  88600.86
  3  1  8  0 .7934E+07  88816.04
  3  1  9  2 .3976E+07  86327.43
  3  1  9  0 .2543E+07  86523.11
  3  1 10  2 .1230E+05  84322.43
  3  1 10  0 .4441E+03  84496.73
  3  1 11  2 .2732E+06  82609.10
  3  1 11  0 .1397E+06  82760.07
  3  1 12  2 .1187E+05  81220.95
  3  1 12  0 .8916E+04  81345.00
  3  1 13  2 .1622E+03  80204.18
  3  1 13  0 .5801E+03  80295.84
  3  1 14  2 .5348E+02  79624.08
  3  1 14  0 .1121E+02  79673.82
  3  2  0  3 .3881E+08 115022.56
  3  2  0  1 .2278E+08 115609.60
  3  2  1  3 .1137E+08 110896.69
  3  2  1  1 .5021E+07 111454.35
  3  2  2  3 .9497E+07 107005.40
  3  2  2  1 .8257E+07 107534.29
  3  2  3  3 .2015E+08 103343.96
  3  2  3  1 .1157E+08 103844.59
  3  2  4  3 .3019E+05  99909.83
  3  2  4  1 .1358E+07 100382.29
  3  2  5  3 .1402E+08  96702.09
  3  2  5  1 .2010E+08  97146.39
  3  2  6  3 .3174E+07  93722.52
  3  2  6  1 .6962E+07  94138.28
  3  2  7  3 .5215E+07  90975.57
  3  2  7  1 .1954E+07  91361.96
  3  2  8  3 .1258E+08  88469.12
  3  2  8  1 .9419E+07  88824.92
  3  2  9  3 .3084E+07  86215.16
  3  2  9  1 .3154E+07  86538.46
  3  2 10  3 .2991E+05  84231.14
  3  2 10  1 .8158E+03  84519.17
  3  2 11  3 .2608E+06  82541.55
  3  2 11  1 .1665E+06  82790.30
  3  2 12  3 .7812E+04  81180.68
  3  2 12  1 .1235E+05  81384.17
  3  2 13  3 .1683E+04  80196.80
  3  2 13  1 .1449E+03  80345.79
  3  2 14  3 .7287E+02  79660.18
  3  2 14  1 .5299E+02  79737.58
  3  3  0  4 .3866E+08 114680.53
  3  3  0  2 .2260E+08 115494.96
  3  3  1  4 .1263E+08 110577.95
  3  3  1  2 .4657E+07 111351.49
  3  3  2  4 .8211E+07 106709.45
  3  3  2  2 .8806E+07 107443.02
  3  3  3  4 .2060E+08 103070.53
  3  3  3  2 .1146E+08 103764.65
  3  3  4  4 .6978E+05  99658.65
  3  3  4  2 .2020E+07 100313.61
  3  3  5  4 .1003E+08  96473.32
  3  3  5  2 .2428E+08  97089.03
  3  3  6  4 .2141E+07  93516.46
  3  3  6  2 .9072E+07  94092.33
  3  3  7  4 .5002E+07  90792.95
  3  3  7  2 .1615E+07  91327.78
  3  3  8  4 .1107E+08  88310.87
  3  3  8  2 .9692E+07  88802.97
  3  3  9  4 .2435E+07  86082.89
  3  3  9  2 .3367E+07  86529.54
  3  3 10  4 .6200E+05  84127.16
  3  3 10  2 .7772E+03  84524.54
  3  3 11  4 .2407E+06  82469.21
  3  3 11  2 .2050E+06  82811.21
  3  3 12  4 .7892E+04  81144.98
  3  3 12  2 .1322E+05  81423.06
  3  3 13  4 .1226E+02  80205.84
  3  3 13  2 .1808E+04  80406.29
  3  3 14  4 .1190E+02  79731.19
  3  3 14  2 .2204E+02  79826.19
  3  4  0  5 .4081E+08 114270.90
  3  4  0  3 .2018E+08 115305.57
  3  4  1  5 .1512E+08 110197.16
  3  4  1  3 .3770E+07 111179.70
  3  4  2  5 .6970E+07 106356.96
  3  4  2  3 .8891E+07 107288.41
  3  4  3  5 .2260E+08 102745.84
  3  4  3  3 .1016E+08 103626.97
  3  4  4  5 .7946E+06  99361.63
  3  4  4  3 .3117E+07 100192.84
  3  4  5  5 .6345E+07  96204.08
  3  4  5  3 .2853E+08  96985.10
  3  4  6  5 .1316E+07  93275.50
  3  4  6  3 .1149E+08  94005.53
  3  4  7  5 .4734E+07  90581.01
  3  4  7  3 .1102E+07  91258.58
  3  4  8  5 .9545E+07  88129.39
  3  4  8  3 .9372E+07  88752.13
  3  4  9  5 .1854E+07  85933.89
  3  4  9  3 .3375E+07  86498.17
  3  4 10  5 .1090E+06  84013.61
  3  4 10  3 .4245E+02  84514.15
  3  4 11  5 .2481E+06  82395.51
  3  4 11  3 .2229E+06  82824.56
  3  4 12  5 .5626E+04  81117.83
  3  4 12  3 .1501E+05  81463.69
  3  4 13  5 .2353E+02  80236.17
  3  4 13  3 .9234E+03  80479.81
  3  4 14  3 .2382E+02  79943.19
  3  5  0  6 .4575E+08 113800.44
  3  5  0  4 .1514E+08 115046.42
  3  5  1  6 .1993E+08 109760.92
  3  5  1  4 .2211E+07 110943.84
  3  5  2  6 .5629E+07 105954.00
  3  5  2  4 .8395E+07 107075.34
  3  5  3  6 .2689E+08 102376.02
  3  5  3  4 .7393E+07 103436.42
  3  5  4  6 .3427E+07  99024.84
  3  5  4  4 .5251E+07 100024.54
  3  5  5  6 .2659E+07  95900.43
  3  5  5  4 .3376E+08  96839.21
  3  5  6  6 .6156E+06  93005.43
  3  5  6  4 .1455E+08  93882.35
  3  5  7  6 .4217E+07  90345.66
  3  5  7  4 .5225E+06  91158.84
  3  5  8  6 .7830E+07  87930.50
  3  5  8  4 .8351E+07  88676.76
  3  5  9  6 .1301E+07  85773.99
  3  5  9  4 .3146E+07  86448.78
  3  5 10  6 .1726E+06  83896.44
  3  5 10  4 .5200E+03  84493.05
  3  5 11  6 .2504E+06  82326.66
  3  5 11  4 .2435E+06  82835.10
  3  5 12  6 .4005E+04  81105.78
  3  5 12  4 .1680E+05  81510.87
  3  5 13  6 .3945E+02  80296.17
  3  5 13  4 .7518E+03  80571.73
  3  5 14  4 .4229E+02  80097.08
  3  6  0  7 .5414E+08 113279.95
  3  6  0  5 .7248E+07 114727.31
  3  6  1  7 .2860E+08 109280.08
  3  6  1  5 .3684E+06 110653.57
  3  6  2  7 .3878E+07 105511.84
  3  6  2  5 .6963E+07 106813.37
  3  6  3  7 .3467E+08 101972.06
  3  6  3  5 .3123E+07 103202.25
  3  6  4  7 .1130E+08  98658.76
  3  6  4  5 .9790E+07  99818.04
  3  6  5  7 .8401E+05  95572.58
  3  6  5  5 .4007E+08  96660.49
  3  6  6  7 .8914E+05  92716.57
  3  6  6  5 .1825E+08  93731.91
  3  6  7  7 .3263E+07  90097.08
  3  6  7  5 .4945E+05  91037.42
  3  6  8  7 .5609E+07  87724.38
  3  6  8  5 .6307E+07  88585.80
  3  6  9  7 .7797E+06  85613.38
  3  6  9  5 .2595E+07  86390.30
  3  6 10  7 .2323E+06  83786.06
  3  6 10  5 .3897E+04  84470.02
  3  6 11  7 .2360E+06  82273.46
  3  6 11  5 .2515E+06  82851.92
  3  6 12  7 .3033E+04  81120.91
  3  6 12  5 .1786E+05  81574.24
  3  6 13  7 .1775E+02  80400.67
  3  6 13  5 .6950E+03  80692.58
  3  7  0  8 .1898E+07 112494.98
  3  7  0  6 .5472E+08 114131.95
  3  7  1  8 .7462E+07 108538.94
  3  7  1  6 .2969E+08 110092.43
  3  7  2  8 .3359E+07 104814.59
  3  7  2  6 .3519E+07 106285.51
  3  7  3  8 .4642E+07 101317.83
  3  7  3  6 .3798E+08 102707.53
  3  7  4  8 .3679E+08  98047.65
  3  7  4  6 .1772E+08  99356.35
  3  7  5  8 .3520E+08  95004.57
  3  7  5  6 .4197E+06  96231.94
  3  7  6  8 .4498E+07  92192.81
  3  7  6  6 .1437E+05  93336.94
  3  7  7  8 .1813E+07  89619.05
  3  7  7  6 .3226E+07  90677.17
  3  7  8  8 .3522E+07  87294.63
  3  7  8  6 .5789E+07  88262.01
  3  7  9  8 .2251E+06  85235.92
  3  7  9  6 .1348E+07  86105.50
  3  7 10  8 .2493E+06  83466.28
  3  7 10  6 .3071E+05  84227.95
  3  7 11  8 .1120E+06  82020.43
  3  7 11  6 .1537E+06  82658.17
  3  7 12  8 .2486E+03  80948.70
  3  7 12  6 .5491E+04  81437.29
  3  7 13  6 .8979E+03  80627.68
  3  8  0  9 .1773E+06 111867.28
  3  8  0  7 .5334E+08 113681.68
  3  8  1  9 .1371E+07 107960.97
  3  8  1  7 .2657E+08 109681.81
  3  8  2  9 .3937E+07 104284.45
  3  8  2  7 .5005E+07 105913.57
  3  8  3  9 .3948E+06 100835.42
  3  8  3  7 .3654E+08 102373.79
  3  8  4  9 .2126E+08  97612.82
  3  8  4  7 .1011E+08  99060.49
  3  8  5  9 .2794E+08  94618.04
  3  8  5  7 .8390E+06  95974.31
  3  8  6  9 .3696E+07  91855.58
  3  8  6  7 .1096E+07  93118.30
  3  8  7  9 .2387E+07  89333.21
  3  8  7  7 .2307E+07  90498.81
  3  8  8  9 .4083E+07  87063.17
  3  8  8  7 .7139E+07  88126.11
  3  8  9  9 .1433E+06  85063.36
  3  8  9  7 .1776E+07  86015.11
  3  8 10  9 .5138E+06  83359.85
  3  8 10  7 .8415E+05  84187.79
  3  8 11  9 .1919E+06  81990.61
  3  8 11  7 .2838E+06  82675.19
  3  8 12  9 .1217E+03  81014.64
  3  8 12  7 .1073E+05  81522.64
  3  8 13  7 .6641E+03  80802.40
  3  9  0 10 .2300E+07 111168.34
  3  9  0  8 .4857E+08 113147.42
  3  9  1 10 .8291E+04 107315.36
  3  9  1  8 .2358E+08 109191.38
  3  9  2 10 .3708E+07 103691.73
  3  9  2  8 .5315E+07 105467.03
  3  9  3 10 .1139E+06 100295.13
  3  9  3  8 .3360E+08 101970.27
  3  9  4 10 .1200E+08  97124.70
  3  9  4  8 .6550E+07  98700.09
  3  9  5 10 .2142E+08  94182.94
  3  9  5  8 .3182E+07  95657.01
  3  9  6 10 .3061E+07  91474.80
  3  9  6  8 .3231E+07  92845.25
  3  9  7 10 .2321E+07  89009.04
  3  9  7  8 .1398E+07  90271.49
  3  9  8 10 .3648E+07  86799.35
  3  9  8  8 .7077E+07  87947.07
  3  9  9 10 .2643E+05  84865.63
  3  9  9  8 .1736E+07  85888.36
  3  9 10 10 .8542E+06  83236.47
  3  9 10  8 .1863E+06  84118.72
  3  9 11 10 .2600E+06  81955.52
  3  9 11  8 .4323E+06  82672.87
  3  9 12 10 .2116E+03  81094.55
  3  9 12  8 .1547E+05  81601.14
  3 10  0 11 .4505E+07 110409.78
  3 10  0  9 .4340E+08 112539.84
  3 10  1 11 .3659E+06 106614.69
  3 10  1  9 .2174E+08 108633.53
  3 10  2 11 .3094E+07 103048.23
  3 10  2  9 .4983E+07 104957.01
  3 10  3 11 .7639E+06  99707.98
  3 10  3  9 .3088E+08 101507.98
  3 10  4 11 .7017E+07  96594.33
  3 10  4  9 .5208E+07  98285.38
  3 10  5 11 .1685E+08  93710.13
  3 10  5  9 .4590E+07  95290.60
  3 10  6 11 .2718E+07  91061.21
  3 10  6  9 .5091E+07  92528.14
  3 10  7 11 .1945E+07  88657.70
  3 10  7  9 .7147E+06  90005.77
  3 10  8 11 .2734E+07  86514.77
  3 10  8  9 .6320E+07  87735.73
  3 10  9 11 .1469E+05  84654.16
  3 10  9  9 .1402E+07  85735.92
  3 10 10 11 .1306E+07  83109.11
  3 10 10  9 .3687E+06  84032.41
  3 10 11 11 .3550E+06  81929.66
  3 10 11  9 .6187E+06  82663.17
  3 10 12  9 .1954E+05  81687.20
  3 11  0 12 .6030E+07 109598.37
  3 11  0 10 .3867E+08 111866.17
  3 11  1 12 .1276E+07 105865.54
  3 11  1 10 .1992E+08 108013.19
  3 11  2 12 .2360E+07 102359.83
  3 11  2 10 .4060E+07 104389.56
  3 11  3 12 .1386E+07  99080.20
  3 11  3 10 .2866E+08 100992.96
  3 11  4 12 .4252E+07  96027.50
  3 11  4 10 .5030E+07  97822.53
  3 11  5 12 .1327E+08  93205.21
  3 11  5 10 .5047E+07  94880.77
  3 11  6 12 .2557E+07  90620.61
  3 11  6 10 .6336E+07  92172.63
  3 11  7 12 .1338E+07  88284.66
  3 11  7 10 .2659E+06  89706.87
  3 11  8 12 .1856E+07  86214.94
  3 11  8 10 .5080E+07  87497.18
  3 11  9 12 .2402E+06  84435.75
  3 11  9 10 .9746E+06  85563.46
  3 11 10 12 .2029E+07  82984.99
  3 11 10 10 .6903E+06  83934.30
  3 11 11 12 .4559E+06  81923.87
  3 11 11 10 .9450E+06  82653.35
  3 11 12 10 .4734E+05  81792.38
  3 12  0 13 .7129E+07 108736.34
  3 12  0 11 .3316E+08 111128.13
  3 12  1 13 .2341E+07 105069.10
  3 12  1 11 .1850E+08 107333.04
  3 12  2 13 .1431E+07 101628.06
  3 12  2 11 .3184E+07 103766.58
  3 12  3 13 .1732E+07  98413.08
  3 12  3 11 .2620E+08 100426.33
  3 12  4 13 .2364E+07  95425.55
  3 12  4 11 .5333E+07  97312.68
  3 12  5 13 .1057E+08  92669.94
  3 12  5 11 .4413E+07  94428.48
  3 12  6 13 .2484E+07  90154.34
  3 12  6 11 .7084E+07  91779.56
  3 12  7 13 .8022E+06  87891.94
  3 12  7 11 .2270E+05  89376.05
  3 12  8 13 .9074E+06  85901.71
  3 12  8 11 .3743E+07  87233.12
  3 12  9 13 .8289E+06  84212.52
  3 12  9 11 .5070E+06  85372.51
  3 12 10 13 .3298E+07  82868.55
  3 12 10 11 .1326E+07  83827.46
  3 12 11 11 .1541E+07  82648.01
  4  0  0  1 .5029E+08 116787.55
  4  0  1  1 .2246E+07 112632.30
  4  0  2  1 .2708E+08 108712.24
  4  0  3  1 .7346E+07 105022.54
  4  0  4  1 .1577E+08 101560.24
  4  0  5  1 .1576E+08  98324.34
  4  0  6  1 .4120E+07  95316.23
  4  0  7  1 .2119E+08  92539.91
  4  0  8  1 .9702E+06  90002.87
  4  0  9  1 .6465E+07  87716.41
  4  0 10  1 .2371E+07  85697.12
  4  0 11  1 .1440E+07  83968.25
  4  0 12  1 .2463E+07  82562.12
  4  0 13  1 .1126E+06  81523.74
  4  0 14  1 .1798E+04  80915.53
  4  1  0  2 .2710E+08 116583.34
  4  1  0  0 .2307E+08 116937.69
  4  1  1  2 .1091E+07 112439.87
  4  1  1  0 .1242E+07 112776.55
  4  1  2  2 .1480E+08 108531.40
  4  1  2  0 .1207E+08 108850.76
  4  1  3  2 .3331E+07 104853.03
  4  1  3  0 .4342E+07 105155.33
  4  1  4  2 .9256E+07 101401.99
  4  1  4  0 .6181E+07 101687.38
  4  1  5  2 .6751E+07  98177.41
  4  1  5  0 .9729E+07  98445.77
  4  1  6  2 .4688E+07  95180.71
  4  1  6  0 .1770E+06  95431.91
  4  1  7  2 .1516E+08  92416.16
  4  1  7  0 .5668E+07  92649.78
  4  1  8  2 .6114E+06  89891.35
  4  1  8  0 .3385E+06  90106.53
  4  1  9  2 .4158E+07  87617.92
  4  1  9  0 .2118E+07  87813.60
  4  1 10  2 .1287E+07  85612.92
  4  1 10  0 .9377E+06  85787.22
  4  1 11  2 .1149E+07  83899.59
  4  1 11  0 .3882E+06  84050.56
  4  1 12  2 .1585E+07  82511.44
  4  1 12  0 .8950E+06  82635.49
  4  1 13  2 .4918E+05  81494.67
  4  1 13  0 .6881E+05  81586.33
  4  1 14  2 .6745E+04  80914.57
  4  1 14  0 .2316E+04  80964.31
  4  2  0  3 .2015E+08 116295.99
  4  2  0  1 .2961E+08 116883.03
  4  2  1  3 .7385E+06 112170.12
  4  2  1  1 .1760E+07 112727.78
  4  2  2  3 .1094E+08 108278.83
  4  2  2  1 .1555E+08 108807.72
  4  2  3  3 .2119E+07 104617.39
  4  2  3  1 .5988E+07 105118.02
  4  2  4  3 .7195E+07 101183.26
  4  2  4  1 .7658E+07 101655.72
  4  2  5  3 .3921E+07  97975.52
  4  2  5  1 .1346E+08  98419.82
  4  2  6  3 .5722E+07  94995.95
  4  2  6  1 .3225E+05  95411.71
  4  2  7  3 .1397E+08  92249.00
  4  2  7  1 .6242E+07  92635.39
  4  2  8  3 .4721E+06  89742.55
  4  2  8  1 .4688E+06  90098.35
  4  2  9  3 .3481E+07  87488.59
  4  2  9  1 .2433E+07  87811.89
  4  2 10  3 .8359E+06  85504.57
  4  2 10  1 .1135E+07  85792.60
  4  2 11  3 .1248E+07  83814.98
  4  2 11  1 .4850E+06  84063.73
  4  2 12  3 .1476E+07  82454.11
  4  2 12  1 .1078E+07  82657.60
  4  2 13  3 .4912E+05  81470.23
  4  2 13  1 .6451E+05  81619.22
  4  2 14  3 .1088E+04  80933.61
  4  2 14  1 .5727E+03  81011.01
  4  3  0  4 .1657E+08 115929.16
  4  3  0  2 .3255E+08 116743.59
  4  3  1  4 .6023E+06 111826.58
  4  3  1  2 .2051E+07 112600.12
  4  3  2  4 .8810E+07 107958.08
  4  3  2  2 .1693E+08 108691.65
  4  3  3  4 .1605E+07 104319.16
  4  3  3  2 .6960E+07 105013.28
  4  3  4  4 .5917E+07 100907.28
  4  3  4  2 .8172E+07 101562.24
  4  3  5  4 .2549E+07  97721.95
  4  3  5  2 .1568E+08  98337.66
  4  3  6  4 .6311E+07  94765.09
  4  3  6  2 .9766E+01  95340.96
  4  3  7  4 .1294E+08  92041.58
  4  3  7  2 .6405E+07  92576.41
  4  3  8  4 .3820E+06  89559.50
  4  3  8  2 .5978E+06  90051.60
  4  3  9  4 .2971E+07  87331.52
  4  3  9  2 .2394E+07  87778.17
  4  3 10  4 .5062E+06  85375.79
  4  3 10  2 .1159E+07  85773.17
  4  3 11  4 .1508E+07  83717.84
  4  3 11  2 .5767E+06  84059.84
  4  3 12  4 .1453E+07  82393.61
  4  3 12  2 .1241E+07  82671.69
  4  3 13  4 .4122E+05  81454.47
  4  3 13  2 .7786E+05  81654.92
  4  3 14  4 .5179E+03  80979.82
  4  3 14  2 .1007E+04  81074.82
  4  4  0  5 .1457E+08 115486.06
  4  4  0  3 .3347E+08 116520.73
  4  4  1  5 .5970E+06 111412.32
  4  4  1  3 .2276E+07 112394.86
  4  4  2  5 .7530E+07 107572.12
  4  4  2  3 .1733E+08 108503.57
  4  4  3  5 .1407E+07 103961.00
  4  4  3  3 .7514E+07 104842.13
  4  4  4  5 .4912E+07 100576.79
  4  4  4  3 .8228E+07 101408.00
  4  4  5  5 .1831E+07  97419.24
  4  4  5  3 .1693E+08  98200.26
  4  4  6  5 .6313E+07  94490.66
  4  4  6  3 .1746E+05  95220.69
  4  4  7  5 .1187E+08  91796.17
  4  4  7  3 .6539E+07  92473.74
  4  4  8  5 .3210E+06  89344.55
  4  4  8  3 .7752E+06  89967.29
  4  4  9  5 .2493E+07  87149.05
  4  4  9  3 .2207E+07  87713.33
  4  4 10  5 .2323E+06  85228.77
  4  4 10  3 .1067E+07  85729.31
  4  4 11  5 .1887E+07  83610.67
  4  4 11  3 .7077E+06  84039.72
  4  4 12  5 .1515E+07  82332.99
  4  4 12  3 .1440E+07  82678.85
  4  4 13  5 .3652E+05  81451.33
  4  4 13  3 .9513E+05  81694.97
  4  4 14  3 .1340E+04  81158.35
  4  5  0  6 .1346E+08 114970.05
  4  5  0  4 .3315E+08 116216.03
  4  5  1  6 .6898E+06 110930.53
  4  5  1  4 .2436E+07 112113.45
  4  5  2  6 .6666E+07 107123.61
  4  5  2  4 .1696E+08 108244.95
  4  5  3  6 .1418E+07 103545.63
  4  5  3  4 .7860E+07 104606.03
  4  5  4  6 .4033E+07 100194.45
  4  5  4  4 .7954E+07 101194.15
  4  5  5  6 .1439E+07  97070.04
  4  5  5  4 .1769E+08  98008.82
  4  5  6  6 .5881E+07  94175.04
  4  5  6  4 .6238E+05  95051.96
  4  5  7  6 .1070E+08  91515.27
  4  5  7  4 .6619E+07  92328.45
  4  5  8  6 .2957E+06  89100.11
  4  5  8  4 .9995E+06  89846.37
  4  5  9  6 .1997E+07  86943.60
  4  5  9  4 .1894E+07  87618.39
  4  5 10  6 .5045E+05  85066.05
  4  5 10  4 .8959E+06  85662.66
  4  5 11  6 .2454E+07  83496.27
  4  5 11  4 .9097E+06  84004.71
  4  5 12  6 .1641E+07  82275.39
  4  5 12  4 .1734E+07  82680.48
  4  5 13  6 .3278E+05  81465.78
  4  5 13  4 .1258E+06  81741.34
  4  5 14  4 .5717E+03  81266.69
  4  6  0  7 .1292E+08 114383.29
  4  6  0  5 .3186E+08 115830.65
  4  6  1  7 .8748E+06 110383.42
  4  6  1  5 .2554E+07 111756.91
  4  6  2  7 .5967E+07 106615.18
  4  6  2  5 .1599E+08 107916.71
  4  6  3  7 .1606E+07 103075.40
  4  6  3  5 .8077E+07 104305.59
  4  6  4  7 .3178E+07  99762.10
  4  6  4  5 .7435E+07 100921.38
  4  6  5  7 .1220E+07  96675.92
  4  6  5  5 .1815E+08  97763.83
  4  6  6  7 .5172E+07  93819.91
  4  6  6  5 .1432E+06  94835.25
  4  6  7  7 .9490E+07  91200.42
  4  6  7  5 .6531E+07  92140.76
  4  6  8  7 .3020E+06  88827.72
  4  6  8  5 .1278E+07  89689.14
  4  6  9  7 .1472E+07  86716.72
  4  6  9  5 .1489E+07  87493.64
  4  6 10  7 .4750E+04  84889.40
  4  6 10  5 .6742E+06  85573.36
  4  6 11  7 .3288E+07  83376.80
  4  6 11  5 .1237E+07  83955.26
  4  6 12  7 .1892E+07  82224.25
  4  6 12  5 .2168E+07  82677.58
  4  6 13  7 .3117E+05  81504.01
  4  6 13  5 .1802E+06  81795.92
  4  7  0  8 .6160E+08 112729.07
  4  7  0  6 .6311E+06 114366.04
  4  7  1  8 .3992E+08 108773.03
  4  7  1  6 .5311E+06 110326.52
  4  7  2  8 .1895E+07 105048.68
  4  7  2  6 .4434E+07 106519.60
  4  7  3  8 .4373E+08 101551.92
  4  7  3  6 .6661E+05 102941.62
  4  7  4  8 .2767E+08  98281.74
  4  7  4  6 .1713E+08  99590.44
  4  7  5  8 .2257E+07  95238.66
  4  7  5  6 .4383E+08  96466.03
  4  7  6  8 .8616E+05  92426.90
  4  7  6  6 .2083E+08  93571.03
  4  7  7  8 .1854E+07  89853.14
  4  7  7  6 .1863E+06  90911.26
  4  7  8  8 .3062E+07  87528.72
  4  7  8  6 .3382E+07  88496.10
  4  7  9  8 .3438E+06  85470.01
  4  7  9  6 .1675E+07  86339.59
  4  7 10  8 .2440E+06  83700.37
  4  7 10  6 .6914E+04  84462.04
  4  7 11  8 .1882E+06  82254.52
  4  7 11  6 .2321E+06  82892.26
  4  7 12  8 .2084E+04  81182.79
  4  7 12  6 .1959E+05  81671.38
  4  7 13  6 .8974E+01  80861.77
  4  8  0  9 .1304E+08 113007.29
  4  8  0  7 .2582E+08 114821.69
  4  8  1  9 .1620E+07 109100.98
  4  8  1  7 .2832E+07 110821.82
  4  8  2  9 .4492E+07 105424.46
  4  8  2  7 .1314E+08 107053.58
  4  8  3  9 .2585E+07 101975.43
  4  8  3  7 .7690E+07 103513.80
  4  8  4  9 .1259E+07  98752.83
  4  8  4  7 .5961E+07 100200.50
  4  8  5  9 .1006E+07  95758.05
  4  8  5  7 .1787E+08  97114.32
  4  8  6  9 .3329E+07  92995.59
  4  8  6  7 .6600E+06  94258.31
  4  8  7  9 .7170E+07  90473.22
  4  8  7  7 .5424E+07  91638.82
  4  8  8  9 .3428E+06  88203.18
  4  8  8  7 .2061E+07  89266.12
  4  8  9  9 .4205E+06  86203.37
  4  8  9  7 .6302E+06  87155.12
  4  8 10  9 .6575E+06  84499.86
  4  8 10  7 .1777E+06  85327.80
  4  8 11  9 .6315E+07  83130.62
  4  8 11  7 .2682E+07  83815.20
  4  8 12  9 .3823E+07  82154.65
  4  8 12  7 .4055E+07  82662.65
  4  8 13  7 .4365E+06  81942.41
  4  9  0 10 .1349E+08 112217.81
  4  9  0  8 .2045E+08 114196.89
  4  9  1 10 .2418E+07 108364.83
  4  9  1  8 .2551E+07 110240.85
  4  9  2 10 .3488E+07 104741.20
  4  9  2  8 .1054E+08 106516.50
  4  9  3 10 .3643E+07 101344.60
  4  9  3  8 .6753E+07 103019.74
  4  9  4 10 .3428E+06  98174.17
  4  9  4  8 .5022E+07  99749.56
  4  9  5 10 .7701E+06  95232.41
  4  9  5  8 .1725E+08  96706.48
  4  9  6 10 .2322E+07  92524.27
  4  9  6  8 .1266E+07  93894.72
  4  9  7 10 .5657E+07  90058.51
  4  9  7  8 .4110E+07  91320.96
  4  9  8 10 .4109E+06  87848.82
  4  9  8  8 .2363E+07  88996.54
  4  9  9 10 .8295E+05  85915.10
  4  9  9  8 .2295E+06  86937.83
  4  9 10 10 .1570E+07  84285.94
  4  9 10  8 .1946E+05  85168.19
  4  9 11 10 .9841E+07  83004.99
  4  9 11  8 .4145E+07  83722.34
  4  9 12 10 .7938E+07  82144.02
  4  9 12  8 .6848E+07  82650.61
  5  0  0  1 .2907E+08 117740.68
  5  0  1  1 .2417E+04 113585.43
  5  0  2  1 .1778E+08 109665.37
  5  0  3  1 .2923E+06 105975.67
  5  0  4  1 .1451E+08 102513.37
  5  0  5  1 .1646E+07  99277.47
  5  0  6  1 .1052E+08  96269.36
  5  0  7  1 .4709E+07  93493.04
  5  0  8  1 .4062E+07  90956.00
  5  0  9  1 .6800E+07  88669.54
  5  0 10  1 .7211E+05  86650.25
  5  0 11  1 .3693E+06  84921.38
  5  0 12  1 .1541E+08  83515.25
  5  0 13  1 .2363E+08  82476.87
  5  0 14  1 .4087E+07  81868.66
  5  1  0  2 .1928E+08 117529.43
  5  1  0  0 .9290E+07 117883.78
  5  1  1  2 .2604E+04 113385.96
  5  1  1  0 .3034E+04 113722.64
  5  1  2  2 .1108E+08 109477.49
  5  1  2  0 .6303E+07 109796.85
  5  1  3  2 .3129E+06 105799.12
  5  1  3  0 .4411E+05 106101.42
  5  1  4  2 .8850E+07 102348.08
  5  1  4  0 .5311E+07 102633.47
  5  1  5  2 .1365E+07  99123.50
  5  1  5  0 .3977E+06  99391.86
  5  1  6  2 .5837E+07  96126.80
  5  1  6  0 .4399E+07  96378.00
  5  1  7  2 .2343E+07  93362.25
  5  1  7  0 .2553E+07  93595.87
  5  1  8  2 .3042E+07  90837.44
  5  1  8  0 .8345E+06  91052.62
  5  1  9  2 .4070E+07  88564.01
  5  1  9  0 .2544E+07  88759.69
  5  1 10  2 .5164E+05  86559.01
  5  1 10  0 .4491E+05  86733.31
  5  1 11  2 .4228E+06  84845.68
  5  1 11  0 .5256E+05  84996.65
  5  1 12  2 .1102E+08  83457.53
  5  1 12  0 .5057E+07  83581.58
  5  1 13  2 .1712E+08  82440.76
  5  1 13  0 .7919E+07  82532.42
  5  1 14  2 .3391E+07  81860.66
  5  1 14  0 .1194E+07  81910.40
  5  2  0  3 .1711E+08 117226.48
  5  2  0  1 .1038E+08 117813.52
  5  2  1  3 .1348E+05 113100.61
  5  2  1  1 .4027E+04 113658.27
  5  2  2  3 .9405E+07 109209.32
  5  2  2  1 .7184E+07 109738.21
  5  2  3  3 .4478E+06 105547.88
  5  2  3  1 .4089E+05 106048.51
  5  2  4  3 .7159E+07 102113.75
  5  2  4  1 .6245E+07 102586.21
  5  2  5  3 .1566E+07  98906.01
  5  2  5  1 .4272E+06  99350.31
  5  2  6  3 .3940E+07  95926.44
  5  2  6  1 .5714E+07  96342.20
  5  2  7  3 .1506E+07  93179.49
  5  2  7  1 .3779E+07  93565.88
  5  2  8  3 .2781E+07  90673.04
  5  2  8  1 .6866E+06  91028.84
  5  2  9  3 .3250E+07  88419.08
  5  2  9  1 .2997E+07  88742.38
  5  2 10  3 .6093E+05  86435.06
  5  2 10  1 .8586E+05  86723.09
  5  2 11  3 .6240E+06  84745.47
  5  2 11  1 .6805E+05  84994.22
  5  2 12  3 .1123E+08  83384.60
  5  2 12  1 .6242E+07  83588.09
  5  2 13  3 .1762E+08  82400.72
  5  2 13  1 .1057E+08  82549.71
  5  2 14  3 .3811E+07  81864.10
  5  2 14  1 .1897E+07  81941.50
  5  3  0  4 .1619E+08 116833.18
  5  3  0  2 .9484E+07 117647.61
  5  3  1  4 .5137E+05 112730.60
  5  3  1  2 .6346E+04 113504.14
  5  3  2  4 .8479E+07 108862.10
  5  3  2  2 .6825E+07 109595.67
  5  3  3  4 .7203E+06 105223.18
  5  3  3  2 .2402E+05 105917.30
  5  3  4  4 .5961E+07 101811.30
  5  3  4  2 .6152E+07 102466.26
  5  3  5  4 .2091E+07  98625.97
  5  3  5  2 .3405E+06  99241.68
  5  3  6  4 .2331E+07  95669.11
  5  3  6  2 .6447E+07  96244.98
  5  3  7  4 .9543E+06  92945.60
  5  3  7  2 .4898E+07  93480.43
  5  3  8  4 .2474E+07  90463.52
  5  3  8  2 .3815E+06  90955.62
  5  3  9  4 .2621E+07  88235.54
  5  3  9  2 .3022E+07  88682.19
  5  3 10  4 .8605E+05  86279.81
  5  3 10  2 .1427E+06  86677.19
  5  3 11  4 .9507E+06  84621.86
  5  3 11  2 .9770E+05  84963.86
  5  3 12  4 .1252E+08  83297.63
  5  3 12  2 .7122E+07  83575.71
  5  3 13  4 .2087E+08  82358.49
  5  3 13  2 .1336E+08  82558.94
  5  3 14  4 .4832E+07  81883.84
  5  3 14  2 .3134E+07  81978.84
  5  4  0  5 .1597E+08 116349.83
  5  4  0  3 .6715E+07 117384.50
  5  4  1  5 .1791E+06 112276.09
  5  4  1  3 .1152E+05 113258.63
  5  4  2  5 .8000E+07 108435.89
  5  4  2  3 .5496E+07 109367.34
  5  4  3  5 .1268E+07 104824.77
  5  4  3  3 .1007E+03 105705.90
  5  4  4  5 .4783E+07 101440.56
  5  4  4  3 .5147E+07 102271.77
  5  4  5  5 .3277E+07  98283.01
  5  4  5  3 .1100E+06  99064.03
  5  4  6  5 .7499E+06  95354.43
  5  4  6  3 .6875E+07  96084.46
  5  4  7  5 .5127E+06  92659.94
  5  4  7  3 .6178E+07  93337.51
  5  4  8  5 .2030E+07  90208.32
  5  4  8  3 .7864E+05  90831.06
  5  4  9  5 .1945E+07  88012.82
  5  4  9  3 .2751E+07  88577.10
  5  4 10  5 .1176E+06  86092.54
  5  4 10  3 .1931E+06  86593.08
  5  4 11  5 .1410E+07  84474.44
  5  4 11  3 .1556E+06  84903.49
  5  4 12  5 .1423E+08  83196.76
  5  4 12  3 .7877E+07  83542.62
  5  4 13  5 .2863E+08  82315.10
  5  4 13  3 .1744E+08  82558.74
  5  4 14  3 .6496E+07  82022.12
  5  5  0  6 .1793E+08 115775.34
  5  5  0  4 .1646E+07 117021.32
  5  5  1  6 .2201E+06 111735.82
  5  5  1  4 .4358E+03 112918.74
  5  5  2  6 .5708E+07 107928.90
  5  5  2  4 .1990E+07 109050.24
  5  5  3  6 .3786E+07 104350.92
  5  5  3  4 .1432E+06 105411.32
  5  5  4  6 .3251E+07 100999.74
  5  5  4  4 .3022E+07 101999.44
  5  5  5  6 .8044E+07  97875.33
  5  5  5  4 .1915E+06  98814.11
  5  5  6  6 .2153E+05  94980.33
  5  5  6  4 .8477E+07  95857.25
  5  5  7  6 .9849E+04  92320.56
  5  5  7  4 .6649E+07  93133.74
  5  5  8  6 .1485E+07  89905.40
  5  5  8  4 .1771E+06  90651.66
  5  5  9  6 .6402E+06  87748.89
  5  5  9  4 .1660E+07  88423.68
  5  5 10  6 .2655E+06  85871.34
  5  5 10  4 .4240E+06  86467.95
  5  5 11  6 .1436E+07  84301.56
  5  5 11  4 .3197E+05  84810.00
  5  5 12  6 .1397E+08  83080.68
  5  5 12  4 .8241E+07  83485.77
  5  5 13  6 .4902E+08  82271.07
  5  5 13  4 .2108E+08  82546.63
  5  5 14  4 .1585E+08  82071.98
  5  6  0  7 .4624E+07 115041.36
  5  6  0  5 .2075E+08 116488.72
  5  6  1  7 .2978E+06 111041.49
  5  6  1  5 .9295E+05 112414.98
  5  6  2  7 .1184E+07 107273.25
  5  6  2  5 .5149E+07 108574.78
  5  6  3  7 .8169E+07 103733.47
  5  6  3  5 .4927E+07 104963.66
  5  6  4  7 .5374E+06 100420.17
  5  6  4  5 .1355E+07 101579.45
  5  6  5  7 .1777E+08  97333.99
  5  6  5  5 .1493E+08  98421.90
  5  6  6  7 .6902E+07  94477.98
  5  6  6  5 .2940E+07  95493.32
  5  6  7  7 .3636E+07  91858.49
  5  6  7  5 .3782E+05  92798.83
  5  6  8  7 .4367E+06  89485.79
  5  6  8  5 .3947E+07  90347.21
  5  6  9  7 .3985E+07  87374.79
  5  6  9  5 .4720E+06  88151.71
  5  6 10  7 .1085E+06  85547.47
  5  6 10  5 .1507E+06  86231.43
  5  6 11  7 .8097E+06  84034.87
  5  6 11  5 .2619E+07  84613.33
  5  6 12  7 .1746E+08  82882.32
  5  6 12  5 .1632E+07  83335.65
  5  6 13  7 .7823E+07  82162.08
  5  6 13  5 .3023E+08  82453.99
  5  7  0  8 .1243E+08 113728.98
  5  7  0  6 .2977E+08 115365.95
  5  7  1  8 .1388E+07 109772.94
  5  7  1  6 .2545E+07 111326.43
  5  7  2  8 .5761E+07 106048.59
  5  7  2  6 .1440E+08 107519.51
  5  7  3  8 .1851E+07 102551.83
  5  7  3  6 .8075E+07 103941.53
  5  7  4  8 .2386E+07  99281.65
  5  7  4  6 .6556E+07 100590.35
  5  7  5  8 .9197E+06  96238.57
  5  7  5  6 .1855E+08  97465.94
  5  7  6  8 .4057E+07  93426.81
  5  7  6  6 .3151E+06  94570.94
  5  7  7  8 .8199E+07  90853.05
  5  7  7  6 .6407E+07  91911.17
  5  7  8  8 .4129E+06  88528.63
  5  7  8  6 .1519E+07  89496.01
  5  7  9  8 .1058E+07  86469.92
  5  7  9  6 .1058E+07  87339.50
  5  7 10  8 .1799E+06  84700.28
  5  7 10  6 .3544E+06  85461.95
  5  7 11  8 .4629E+07  83254.43
  5  7 11  6 .1603E+07  83892.17
  5  7 12  8 .2216E+07  82182.70
  5  7 12  6 .3030E+07  82671.29
  5  7 13  6 .4241E+06  81861.68
  5  8  0  9 .5575E+04 113343.86
  5  8  0  7 .5006E+06 115158.26
  5  8  1  9 .1732E+06 109437.55
  5  8  1  7 .6145E+05 111158.39
  5  8  2  9 .2993E+06 105761.03
  5  8  2  7 .1735E+04 107390.15
  5  8  3  9 .3945E+04 102312.00
  5  8  3  7 .1818E+06 103850.37
  5  8  4  9 .1280E+06  99089.40
  5  8  4  7 .1323E+05 100537.07
  5  8  5  9 .1308E+06  96094.62
  5  8  5  7 .4666E+06  97450.89
  5  8  6  9 .4821E+03  93332.16
  5  8  6  7 .2928E+05  94594.88
  5  8  7  9 .8745E+04  90809.79
  5  8  7  7 .9109E+05  91975.39
  5  8  8  9 .1417E+06  88539.75
  5  8  8  7 .4173E+05  89602.69
  5  8  9  9 .2268E+06  86539.94
  5  8  9  7 .1894E+03  87491.69
  5  8 10  9 .3394E+04  84836.43
  5  8 10  7 .5937E+03  85664.37
  5  8 11  9 .3257E+05  83467.19
  5  8 11  7 .9706E+05  84151.77
  5  8 12  9 .5232E+07  82491.22
  5  8 12  7 .4114E+06  82999.22
  5  8 13  7 .2791E+08  82278.98
  6  0  0  1 .3158E+07 118051.72
  6  0  1  1 .9070E+04 113896.47
  6  0  2  1 .1949E+07 109976.41
  6  0  3  1 .1467E+03 106286.71
  6  0  4  1 .1652E+07 102824.41
  6  0  5  1 .4493E+05  99588.51
  6  0  6  1 .1347E+07  96580.40
  6  0  7  1 .2369E+06  93804.08
  6  0  8  1 .7597E+06  91267.04
  6  0  9  1 .5188E+06  88980.58
  6  0 10  1 .3917E+05  86961.29
  6  0 11  1 .2266E+05  85232.42
  6  0 12  1 .6145E+05  83826.29
  6  0 13  1 .1489E+08  82787.91
  6  0 14  1 .1819E+09  82179.70
  6  1  0  2 .1895E+07 117823.37
  6  1  0  0 .1151E+07 118177.72
  6  1  1  2 .1745E+03 113679.90
  6  1  1  0 .1288E+05 114016.58
  6  1  2  2 .1304E+07 109771.43
  6  1  2  0 .5822E+06 110090.79
  6  1  3  2 .3685E+02 106093.06
  6  1  3  0 .1796E+04 106395.36
  6  1  4  2 .1002E+07 102642.02
  6  1  4  0 .5827E+06 102927.41
  6  1  5  2 .2085E+05  99417.44
  6  1  5  0 .3692E+05  99685.80
  6  1  6  2 .6731E+06  96420.74
  6  1  6  0 .6163E+06  96671.94
  6  1  7  2 .1045E+06  93656.19
  6  1  7  0 .1693E+06  93889.81
  6  1  8  2 .4559E+06  91131.38
  6  1  8  0 .2370E+06  91346.56
  6  1  9  2 .3733E+06  88857.95
  6  1  9  0 .1508E+06  89053.63
  6  1 10  2 .2405E+05  86852.95
  6  1 10  0 .6264E+04  87027.25
  6  1 11  2 .9896E+04  85139.62
  6  1 11  0 .3107E+04  85290.59
  6  1 12  2 .1899E+05  83751.47
  6  1 12  0 .1561E+05  83875.52
  6  1 13  2 .1076E+08  82734.70
  6  1 13  0 .3628E+07  82826.36
  6  1 14  2 .1335E+09  82154.60
  6  1 14  0 .5569E+08  82204.34
  6  2  0  3 .1535E+07 117486.72
  6  2  0  1 .1353E+07 118073.76
  6  2  1  3 .4014E+04 113360.85
  6  2  1  1 .1990E+05 113918.51
  6  2  2  3 .1187E+07 109469.56
  6  2  2  1 .6177E+06 109998.45
  6  2  3  3 .4211E+03 105808.12
  6  2  3  1 .5851E+04 106308.75
  6  2  4  3 .8158E+06 102373.99
  6  2  4  1 .6692E+06 102846.45
  6  2  5  3 .1757E+05  99166.25
  6  2  5  1 .6539E+05  99610.55
  6  2  6  3 .4117E+06  96186.68
  6  2  6  1 .7929E+06  96602.44
  6  2  7  3 .6591E+05  93439.73
  6  2  7  1 .2815E+06  93826.12
  6  2  8  3 .3356E+06  90933.28
  6  2  8  1 .2452E+06  91289.08
  6  2  9  3 .3690E+06  88679.32
  6  2  9  1 .1727E+06  89002.62
  6  2 10  3 .1503E+05  86695.30
  6  2 10  1 .2141E+04  86983.33
  6  2 11  3 .1813E+04  85005.71
  6  2 11  1 .1034E+03  85254.46
  6  2 12  3 .3472E+02  83644.84
  6  2 12  1 .4274E+04  83848.33
  6  2 13  3 .1003E+08  82660.96
  6  2 13  1 .3307E+07  82809.95
  6  2 14  3 .1388E+09  82124.34
  6  2 14  1 .6698E+08  82201.74
  6  3  0  4 .1418E+07 117044.44
  6  3  0  2 .1407E+07 117858.87
  6  3  1  4 .2399E+05 112941.86
  6  3  1  2 .2551E+05 113715.40
  6  3  2  4 .1224E+07 109073.36
  6  3  2  2 .5736E+06 109806.93
  6  3  3  4 .3856E+04 105434.44
  6  3  3  2 .1268E+05 106128.56
  6  3  4  4 .7422E+06 102022.56
  6  3  4  2 .6804E+06 102677.52
  6  3  5  4 .2626E+05  98837.23
  6  3  5  2 .9768E+05  99452.94
  6  3  6  4 .2350E+06  95880.37
  6  3  6  2 .9230E+06  96456.24
  6  3  7  4 .4973E+05  93156.86
  6  3  7  2 .4290E+06  93691.69
  6  3  8  4 .2422E+06  90674.78
  6  3  8  2 .2131E+06  91166.88
  6  3  9  4 .4054E+06  88446.80
  6  3  9  2 .1864E+06  88893.45
  6  3 10  4 .6483E+04  86491.07
  6  3 10  2 .3332E+02  86888.45
  6  3 11  4 .1850E+04  84833.12
  6  3 11  2 .4335E+04  85175.12
  6  3 12  4 .4551E+05  83508.89
  6  3 12  2 .4463E+04  83786.97
  6  3 13  4 .9336E+07  82569.75
  6  3 13  2 .2256E+07  82770.20
  6  3 14  4 .1600E+09  82095.10
  6  3 14  2 .7433E+08  82190.10
  6  4  0  5 .1684E+07 116500.09
  6  4  0  3 .1479E+07 117534.76
  6  4  1  5 .8243E+05 112426.35
  6  4  1  3 .3450E+05 113408.89
  6  4  2  5 .1538E+07 108586.15
  6  4  2  3 .5332E+06 109517.60
  6  4  3  5 .2856E+05 104975.03
  6  4  3  3 .1981E+05 105856.16
  6  4  4  5 .8118E+06 101590.82
  6  4  4  3 .7207E+06 102422.03
  6  4  5  5 .8007E+05  98433.27
  6  4  5  3 .1291E+06  99214.29
  6  4  6  5 .9786E+05  95504.69
  6  4  6  3 .1211E+07  96234.72
  6  4  7  5 .4244E+05  92810.20
  6  4  7  3 .7397E+06  93487.77
  6  4  8  5 .1773E+06  90358.58
  6  4  8  3 .1635E+06  90981.32
  6  4  9  5 .5068E+06  88163.08
  6  4  9  3 .2224E+06  88727.36
  6  4 10  5 .5643E+03  86242.80
  6  4 10  3 .6130E+04  86743.34
  6  4 11  5 .3308E+05  84624.70
  6  4 11  3 .3144E+05  85053.75
  6  4 12  5 .3892E+06  83347.02
  6  4 12  3 .1034E+06  83692.88
  6  4 13  5 .7695E+07  82465.36
  6  4 13  3 .8308E+06  82709.00
  6  4 14  3 .8302E+08  82172.38
  6  5  0  6 .3735E+07 115861.03
  6  5  0  4 .1448E+07 117107.01
  6  5  1  6 .3297E+06 111821.51
  6  5  1  4 .7055E+05 113004.43
  6  5  2  6 .2966E+07 108014.59
  6  5  2  4 .4775E+06 109135.93
  6  5  3  6 .3318E+06 104436.61
  6  5  3  4 .3908E+04 105497.01
  6  5  4  6 .1303E+07 101085.43
  6  5  4  4 .9126E+06 102085.13
  6  5  5  6 .6841E+06  97961.02
  6  5  5  4 .6793E+05  98899.80
  6  5  6  6 .7077E+04  95066.02
  6  5  6  4 .2607E+07  95942.94
  6  5  7  6 .1766E+05  92406.25
  6  5  7  4 .1994E+07  93219.43
  6  5  8  6 .1684E+06  89991.09
  6  5  8  4 .5568E+05  90737.35
  6  5  9  6 .7558E+06  87834.58
  6  5  9  4 .3475E+06  88509.37
  6  5 10  6 .6295E+04  85957.03
  6  5 10  4 .4577E+05  86553.64
  6  5 11  6 .2133E+06  84387.25
  6  5 11  4 .1205E+06  84895.69
  6  5 12  6 .2482E+07  83166.37
  6  5 12  4 .8257E+06  83571.46
  6  5 13  6 .2518E+07  82356.76
  6  5 13  4 .2215E+06  82632.32
  6  5 14  4 .9361E+08  82157.67
  6  6  0  7 .8090E+07 115104.98
  6  6  0  5 .1004E+08 116552.34
  6  6  1  7 .5197E+06 111105.11
  6  6  1  5 .1618E+06 112478.60
  6  6  2  7 .1072E+07 107336.87
  6  6  2  5 .2285E+07 108638.40
  6  6  3  7 .6224E+07 103797.09
  6  6  3  5 .3916E+07 105027.28
  6  6  4  7 .3266E+05 100483.79
  6  6  4  5 .4579E+06 101643.07
  6  6  5  7 .1439E+08  97397.61
  6  6  5  5 .8984E+07  98485.52
  6  6  6  7 .9160E+07  94541.60
  6  6  6  5 .5038E+07  95556.94
  6  6  7  7 .1823E+07  91922.11
  6  6  7  5 .2604E+07  92862.45
  6  6  8  7 .1441E+06  89549.41
  6  6  8  5 .2164E+07  90410.83
  6  6  9  7 .5297E+06  87438.41
  6  6  9  5 .2249E+05  88215.33
  6  6 10  7 .2825E+05  85611.09
  6  6 10  5 .2295E+05  86295.05
  6  6 11  7 .2224E+05  84098.49
  6  6 11  5 .2223E+06  84676.95
  6  6 12  7 .2212E+06  82945.94
  6  6 12  5 .1118E+04  83399.27
  6  6 13  7 .3183E+08  82225.70
  6  6 13  5 .1001E+07  82517.61
  6  7  0  8 .2434E+05 114252.22
  6  7  0  6 .2218E+07 115889.19
  6  7  1  8 .8792E+06 110296.18
  6  7  1  6 .2056E+06 111849.67
  6  7  2  8 .1720E+07 106571.83
  6  7  2  6 .7653E+04 108042.75
  6  7  3  8 .3078E+06 103075.07
  6  7  3  6 .5872E+06 104464.77
  6  7  4  8 .5010E+06  99804.89
  6  7  4  6 .5534E+05 101113.59
  6  7  5  8 .1225E+07  96761.81
  6  7  5  6 .1857E+07  97989.18
  6  7  6  8 .3119E+03  93950.05
  6  7  6  6 .5530E+05  95094.18
  6  7  7  8 .1030E+06  91376.29
  6  7  7  6 .3766E+06  92434.41
  6  7  8  8 .4900E+06  89051.87
  6  7  8  6 .4587E+06  90019.25
  6  7  9  8 .1312E+07  86993.16
  6  7  9  6 .4076E+04  87862.74
  6  7 10  8 .2990E+05  85223.52
  6  7 10  6 .9331E+04  85985.19
  6  7 11  8 .1178E+06  83777.67
  6  7 11  6 .7570E+06  84415.41
  6  7 12  8 .9783E+07  82705.94
  6  7 12  6 .6438E+06  83194.53
  6  7 13  6 .3205E+08  82384.92
  7  0  0  1 .2963E+07 118153.76
  7  0  1  1 .5912E+04 113998.51
  7  0  2  1 .2077E+07 110078.45
  7  0  3  1 .1054E+05 106388.75
  7  0  4  1 .1549E+07 102926.45
  7  0  5  1 .1232E+05  99690.55
  7  0  6  1 .1213E+07  96682.44
  7  0  7  1 .2018E+06  93906.12
  7  0  8  1 .8518E+06  91369.08
  7  0  9  1 .4488E+06  89082.62
  7  0 10  1 .1103E+06  87063.33
  7  0 11  1 .3501E+05  85334.46
  7  0 12  1 .2690E+06  83928.33
  7  0 13  1 .1224E+08  82889.95
  7  0 14  1 .1218E+08  82281.74
  7  1  0  2 .1800E+07 117923.77
  7  1  0  0 .1017E+07 118278.12
  7  1  1  2 .2845E+04 113780.30
  7  1  1  0 .7705E+03 114116.98
  7  1  2  2 .1215E+07 109871.83
  7  1  2  0 .7681E+06 110191.19
  7  1  3  2 .2703E+04 106193.46
  7  1  3  0 .4582E+04 106495.76
  7  1  4  2 .8888E+06 102742.42
  7  1  4  0 .5809E+06 103027.81
  7  1  5  2 .1262E+05  99517.84
  7  1  5  0 .4840E+04  99786.20
  7  1  6  2 .6626E+06  96521.14
  7  1  6  0 .4751E+06  96772.34
  7  1  7  2 .8623E+05  93756.59
  7  1  7  0 .1471E+06  93990.21
  7  1  8  2 .5779E+06  91231.78
  7  1  8  0 .2034E+06  91446.96
  7  1  9  2 .2658E+06  88958.35
  7  1  9  0 .1802E+06  89154.03
  7  1 10  2 .5819E+05  86953.35
  7  1 10  0 .2938E+05  87127.65
  7  1 11  2 .1182E+05  85240.02
  7  1 11  0 .1346E+05  85390.99
  7  1 12  2 .1800E+06  83851.87
  7  1 12  0 .4653E+05  83975.92
  7  1 13  2 .8576E+07  82835.10
  7  1 13  0 .3440E+07  82926.76
  7  1 14  2 .6739E+07  82255.00
  7  1 14  0 .5081E+07  82304.74
  7  2  0  3 .1415E+07 117583.82
  7  2  0  1 .1131E+07 118170.86
  7  2  1  3 .7471E+02 113457.95
  7  2  1  1 .4731E+03 114015.61
  7  2  2  3 .9781E+06 109566.66
  7  2  2  1 .8482E+06 110095.55
  7  2  3  3 .2993E+03 105905.22
  7  2  3  1 .2978E+04 106405.85
  7  2  4  3 .6654E+06 102471.09
  7  2  4  1 .6526E+06 102943.55
  7  2  5  3 .1721E+05  99263.35
  7  2  5  1 .1086E+05  99707.65
  7  2  6  3 .4270E+06  96283.78
  7  2  6  1 .5645E+06  96699.54
  7  2  7  3 .5466E+05  93536.83
  7  2  7  1 .2383E+06  93923.22
  7  2  8  3 .4619E+06  91030.38
  7  2  8  1 .1882E+06  91386.18
  7  2  9  3 .2261E+06  88776.42
  7  2  9  1 .2166E+06  89099.72
  7  2 10  3 .3417E+05  86792.40
  7  2 10  1 .2094E+05  87080.43
  7  2 11  3 .1657E+04  85102.81
  7  2 11  1 .7623E+04  85351.56
  7  2 12  3 .1163E+06  83741.94
  7  2 12  1 .2666E+05  83945.43
  7  2 13  3 .7943E+07  82758.06
  7  2 13  1 .3475E+07  82907.05
  7  2 14  3 .3321E+07  82221.44
  7  2 14  1 .6741E+07  82298.84
  7  3  0  4 .1169E+07 117136.32
  7  3  0  2 .1054E+07 117950.75
  7  3  1  4 .4425E+04 113033.74
  7  3  1  2 .1972E+03 113807.28
  7  3  2  4 .8897E+06 109165.24
  7  3  2  2 .7722E+06 109898.81
  7  3  3  4 .2844E+03 105526.32
  7  3  3  2 .9704E+03 106220.44
  7  3  4  4 .5251E+06 102114.44
  7  3  4  2 .6036E+06 102769.40
  7  3  5  4 .2561E+05  98929.11
  7  3  5  2 .2013E+05  99544.82
  7  3  6  4 .2393E+06  95972.25
  7  3  6  2 .5720E+06  96548.12
  7  3  7  4 .4405E+05  93248.74
  7  3  7  2 .3362E+06  93783.57
  7  3  8  4 .3410E+06  90766.66
  7  3  8  2 .1450E+06  91258.76
  7  3  9  4 .2206E+06  88538.68
  7  3  9  2 .2235E+06  88985.33
  7  3 10  4 .1688E+05  86582.95
  7  3 10  2 .9160E+04  86980.33
  7  3 11  4 .1992E+04  84925.00
  7  3 11  2 .2547E+03  85267.00
  7  3 12  4 .3709E+05  83600.77
  7  3 12  2 .4144E+04  83878.85
  7  3 13  4 .7459E+07  82661.63
  7  3 13  2 .2770E+07  82862.08
  7  3 14  4 .1622E+06  82186.98
  7  3 14  2 .7288E+07  82281.98
  7  4  0  5 .1074E+07 116584.11
  7  4  0  3 .9110E+06 117618.78
  7  4  1  5 .3051E+05 112510.37
  7  4  1  3 .1481E+03 113492.91
  7  4  2  5 .9358E+06 108670.17
  7  4  2  3 .6404E+06 109601.62
  7  4  3  5 .5144E+04 105059.05
  7  4  3  3 .1416E+03 105940.18
  7  4  4  5 .4527E+06 101674.84
  7  4  4  3 .5177E+06 102506.05
  7  4  5  5 .4910E+05  98517.29
  7  4  5  3 .2918E+05  99298.31
  7  4  6  5 .9298E+05  95588.71
  7  4  6  3 .5856E+06  96318.74
  7  4  7  5 .4101E+05  92894.22
  7  4  7  3 .4804E+06  93571.79
  7  4  8  5 .2278E+06  90442.60
  7  4  8  3 .9599E+05  91065.34
  7  4  9  5 .2408E+06  88247.10
  7  4  9  3 .2225E+06  88811.38
  7  4 10  5 .5477E+04  86326.82
  7  4 10  3 .1495E+04  86827.36
  7  4 11  5 .2413E+05  84708.72
  7  4 11  3 .7884E+04  85137.77
  7  4 12  5 .4604E+04  83431.04
  7  4 12  3 .9232E+04  83776.90
  7  4 13  5 .6552E+07  82549.38
  7  4 13  3 .1633E+07  82793.02
  7  4 14  3 .5785E+07  82256.40
  7  5  0  6 .1440E+07 115931.80
  7  5  0  4 .7260E+06 117177.78
  7  5  1  6 .1238E+06 111892.28
  7  5  1  4 .2917E+04 113075.20
  7  5  2  6 .1298E+07 108085.36
  7  5  2  4 .4540E+06 109206.70
  7  5  3  6 .5971E+05 104507.38
  7  5  3  4 .6171E+03 105567.78
  7  5  4  6 .5083E+06 101156.20
  7  5  4  4 .4549E+06 102155.90
  7  5  5  6 .1915E+06  98031.79
  7  5  5  4 .2154E+05  98970.57
  7  5  6  6 .7820E+03  95136.79
  7  5  6  4 .8502E+06  96013.71
  7  5  7  6 .2702E+05  92477.02
  7  5  7  4 .8514E+06  93290.20
  7  5  8  6 .1395E+06  90061.86
  7  5  8  4 .3955E+05  90808.12
  7  5  9  6 .3043E+06  87905.35
  7  5  9  4 .2258E+06  88580.14
  7  5 10  6 .3862E+02  86027.80
  7  5 10  4 .1765E+04  86624.41
  7  5 11  6 .9536E+05  84458.02
  7  5 11  4 .4899E+05  84966.46
  7  5 12  6 .3339E+06  83237.14
  7  5 12  4 .1520E+06  83642.23
  7  5 13  6 .4391E+07  82427.53
  7  5 13  4 .2930E+06  82703.09
  7  5 14  4 .7838E+06  82228.44
  7  6  0  7 .1474E+08 115158.06
  7  6  0  5 .3362E+07 116605.42
  7  6  1  7 .1667E+07 111158.19
  7  6  1  5 .5893E+06 112531.68
  7  6  2  7 .5371E+07 107389.95
  7  6  2  5 .1400E+07 108691.48
  7  6  3  7 .7140E+07 103850.17
  7  6  3  5 .2154E+07 105080.36
  7  6  4  7 .1142E+07 100536.87
  7  6  4  5 .4062E+03 101696.15
  7  6  5  7 .1483E+08  97450.69
  7  6  5  5 .4690E+07  98538.60
  7  6  6  7 .8670E+07  94594.68
  7  6  6  5 .1062E+08  95610.02
  7  6  7  7 .1340E+07  91975.19
  7  6  7  5 .6387E+07  92915.53
  7  6  8  7 .8540E+05  89602.49
  7  6  8  5 .1227E+07  90463.91
  7  6  9  7 .2863E+05  87491.49
  7  6  9  5 .1702E+05  88268.41
  7  6 10  7 .5367E+05  85664.17
  7  6 10  5 .1509E+06  86348.13
  7  6 11  7 .8885E+05  84151.57
  7  6 11  5 .8915E+03  84730.03
  7  6 12  7 .3097E+07  82999.02
  7  6 12  5 .1078E+07  83452.35
  7  6 13  7 .1761E+08  82278.78
  7  6 13  5 .7791E+07  82570.69
  7  7  0  8 .5666E+06 114311.84
  7  7  0  6 .2412E+07 115948.81
  7  7  1  8 .6062E+06 110355.80
  7  7  1  6 .6993E+06 111909.29
  7  7  2  8 .1542E+06 106631.45
  7  7  2  6 .3065E+07 108102.37
  7  7  3  8 .2458E+05 103134.69
  7  7  3  6 .3645E+06 104524.39
  7  7  4  8 .3992E+05  99864.51
  7  7  4  6 .1303E+07 101173.21
  7  7  5  8 .6477E+05  96821.43
  7  7  5  6 .6474E+06  98048.80
  7  7  6  8 .2812E+07  94009.67
  7  7  6  6 .7841E+05  95153.80
  7  7  7  8 .6403E+06  91435.91
  7  7  7  6 .1732E+05  92494.03
  7  7  8  8 .6194E+06  89111.49
  7  7  8  6 .3895E+05  90078.87
  7  7  9  8 .1561E+05  87052.78
  7  7  9  6 .5605E+06  87922.36
  7  7 10  8 .1942E+06  85283.14
  7  7 10  6 .1996E+06  86044.81
  7  7 11  8 .1180E+07  83837.29
  7  7 11  6 .2831E+04  84475.03
  7  7 12  8 .7584E+07  82765.56
  7  7 12  6 .4942E+07  83254.15
  7  7 13  6 .8060E+07  82444.54
  8  0  0  1 .1838E+07 118217.55
  8  0  1  1 .7579E+06 114062.30
  8  0  2  1 .8088E+05 110142.24
  8  0  3  1 .7935E+06 106452.54
  8  0  4  1 .1125E+07 102990.24
  8  0  5  1 .2269E+06  99754.34
  8  0  6  1 .2372E+07  96746.23
  8  0  7  1 .3124E+06  93969.91
  8  0  8  1 .9699E+05  91432.87
  8  0  9  1 .1861E+03  89146.41
  8  0 10  1 .2491E+06  87127.12
  8  0 11  1 .7337E+06  85398.25
  8  0 12  1 .2314E+05  83992.12
  8  0 13  1 .4372E+07  82953.74
  8  0 14  1 .4209E+06  82345.53
  8  1  0  2 .1124E+07 117987.35
  8  1  0  0 .1886E+06 118341.70
  8  1  1  2 .3260E+05 113843.88
  8  1  1  0 .3995E+06 114180.56
  8  1  2  2 .5019E+06 109935.41
  8  1  2  0 .2130E+07 110254.77
  8  1  3  2 .8174E+04 106257.04
  8  1  3  0 .3606E+06 106559.34
  8  1  4  2 .2514E+06 102806.00
  8  1  4  0 .3862E+06 103091.39
  8  1  5  2 .8115E+05  99581.42
  8  1  5  0 .2732E+06  99849.78
  8  1  6  2 .4357E+06  96584.72
  8  1  6  0 .5350E+04  96835.92
  8  1  7  2 .1718E+06  93820.17
  8  1  7  0 .1698E+06  94053.79
  8  1  8  2 .9271E+06  91295.36
  8  1  8  0 .3814E+03  91510.54
  8  1  9  2 .9551E+04  89021.93
  8  1  9  0 .6840E+06  89217.61
  8  1 10  2 .7522E+05  87016.93
  8  1 10  0 .1890E+06  87191.23
  8  1 11  2 .6228E+05  85303.60
  8  1 11  0 .4153E+05  85454.57
  8  1 12  2 .7130E+06  83915.45
  8  1 12  0 .1526E+05  84039.50
  8  1 13  2 .2531E+07  82898.68
  8  1 13  0 .2593E+07  82990.34
  8  1 14  2 .4744E+07  82318.58
  8  1 14  0 .6446E+06  82368.32
  8  2  0  3 .9844E+06 117643.33
  8  2  0  1 .5978E+06 118230.37
  8  2  1  3 .1672E+05 113517.46
  8  2  1  1 .1851E+05 114075.12
  8  2  2  3 .4306E+06 109626.17
  8  2  2  1 .8640E+06 110155.06
  8  2  3  3 .8809E+03 105964.73
  8  2  3  1 .2990E+05 106465.36
  8  2  4  3 .3613E+06 102530.60
  8  2  4  1 .4613E+06 103003.06
  8  2  5  3 .3766E+05  99322.86
  8  2  5  1 .6028E+04  99767.16
  8  2  6  3 .3770E+06  96343.29
  8  2  6  1 .2223E+06  96759.05
  8  2  7  3 .3150E+05  93596.34
  8  2  7  1 .1399E+06  93982.73
  8  2  8  3 .4562E+06  91089.89
  8  2  8  1 .5877E+05  91445.69
  8  2  9  3 .5506E+05  88835.93
  8  2  9  1 .2363E+06  89159.23
  8  2 10  3 .1983E+05  86851.91
  8  2 10  1 .3375E+05  87139.94
  8  2 11  3 .1763E+02  85162.32
  8  2 11  1 .2489E+05  85411.07
  8  2 12  3 .2244E+06  83801.45
  8  2 12  1 .5119E+04  84004.94
  8  2 13  3 .3833E+07  82817.57
  8  2 13  1 .2332E+07  82966.56
  8  2 14  3 .1700E+07  82280.95
  8  2 14  1 .3787E+06  82358.35
  8  3  0  4 .8284E+06 117190.26
  8  3  0  2 .6947E+06 118004.69
  8  3  1  4 .1313E+05 113087.68
  8  3  1  2 .4396E+04 113861.22
  8  3  2  4 .2846E+06 109219.18
  8  3  2  2 .3843E+06 109952.75
  8  3  3  4 .2194E+05 105580.26
  8  3  3  2 .2399E+04 106274.38
  8  3  4  4 .3506E+06 102168.38
  8  3  4  2 .4451E+06 102823.34
  8  3  5  4 .4141E+05  98983.05
  8  3  5  2 .1289E+05  99598.76
  8  3  6  4 .2939E+06  96026.19
  8  3  6  2 .4567E+06  96602.06
  8  3  7  4 .2404E+04  93302.68
  8  3  7  2 .1123E+06  93837.51
  8  3  8  4 .2346E+06  90820.60
  8  3  8  2 .6401E+05  91312.70
  8  3  9  4 .7147E+05  88592.62
  8  3  9  2 .1140E+06  89039.27
  8  3 10  4 .9196E+03  86636.89
  8  3 10  2 .4636E+01  87034.27
  8  3 11  4 .3524E+04  84978.94
  8  3 11  2 .2476E+05  85320.94
  8  3 12  4 .4942E+05  83654.71
  8  3 12  2 .3791E+03  83932.79
  8  3 13  4 .4162E+07  82715.57
  8  3 13  2 .1888E+07  82916.02
  8  3 14  4 .8904E+06  82240.92
  8  3 14  2 .1331E+07  82335.92
  8  4  0  5 .6154E+06 116630.30
  8  4  0  3 .5947E+06 117664.97
  8  4  1  5 .5043E+05 112556.56
  8  4  1  3 .1398E+06 113539.10
  8  4  2  5 .2563E+05 108716.36
  8  4  2  3 .4286E+03 109647.81
  8  4  3  5 .1653E+06 105105.24
  8  4  3  3 .1567E+06 105986.37
  8  4  4  5 .3092E+06 101721.03
  8  4  4  3 .3244E+06 102552.24
  8  4  5  5 .7356E+05  98563.48
  8  4  5  3 .1136E+06  99344.50
  8  4  6  5 .2801E+06  95634.90
  8  4  6  3 .7988E+06  96364.93
  8  4  7  5 .3488E+05  92940.41
  8  4  7  3 .9413E+04  93617.98
  8  4  8  5 .3364E+05  90488.79
  8  4  8  3 .2856E+05  91111.53
  8  4  9  5 .4799E+05  88293.29
  8  4  9  3 .2647E+04  88857.57
  8  4 10  5 .2415E+05  86373.01
  8  4 10  3 .1005E+06  86873.55
  8  4 11  5 .3379E+05  84754.91
  8  4 11  3 .6928E+05  85183.96
  8  4 12  5 .2962E+05  83477.23
  8  4 12  3 .2727E+05  83823.09
  8  4 13  5 .3020E+07  82595.57
  8  4 13  3 .8745E+06  82839.21
  8  4 14  3 .1692E+07  82302.59
  9  0  0  1 .8738E+06 118256.31
  9  0  1  1 .5191E+05 114101.06
  9  0  2  1 .2322E+06 110181.00
  9  0  3  1 .1635E+05 106491.30
  9  0  4  1 .4824E+06 103029.00
  9  0  5  1 .1266E+05  99793.10
  9  0  6  1 .5574E+06  96784.99
  9  0  7  1 .2607E+03  94008.67
  9  0  8  1 .1861E+06  91471.63
  9  0  9  1 .4892E+05  89185.17
  9  0 10  1 .3273E+04  87165.88
  9  0 11  1 .7841E+05  85437.01
  9  0 12  1 .4941E+05  84030.88
  9  0 13  1 .2326E+07  82992.50
  9  0 14  1 .2364E+05  82384.29
  9  1  0  2 .4337E+06 118022.24
  9  1  0  0 .2902E+06 118376.59
  9  1  1  2 .1656E+05 113878.77
  9  1  1  0 .2647E+05 114215.45
  9  1  2  2 .1422E+06 109970.30
  9  1  2  0 .5156E+05 110289.66
  9  1  3  2 .6769E+04 106291.93
  9  1  3  0 .9986E+04 106594.23
  9  1  4  2 .2493E+06 102840.89
  9  1  4  0 .1478E+06 103126.28
  9  1  5  2 .3297E+04  99616.31
  9  1  5  0 .1317E+05  99884.67
  9  1  6  2 .2400E+06  96619.61
  9  1  6  0 .2215E+06  96870.81
  9  1  7  2 .2408E+03  93855.06
  9  1  7  0 .4971E+04  94088.68
  9  1  8  2 .9051E+05  91330.25
  9  1  8  0 .5618E+05  91545.43
  9  1  9  2 .3932E+05  89056.82
  9  1  9  0 .7629E+04  89252.50
  9  1 10  2 .2577E+04  87051.82
  9  1 10  0 .1032E+01  87226.12
  9  1 11  2 .4066E+05  85338.49
  9  1 11  0 .1754E+05  85489.46
  9  1 12  2 .2157E+05  83950.34
  9  1 12  0 .1617E+05  84074.39
  9  1 13  2 .1510E+07  82933.57
  9  1 13  0 .5586E+06  83025.23
  9  1 14  2 .5907E+03  82353.47
  9  1 14  0 .1503E+06  82403.21
