 H2 C- state   dcanjp94
 VU JU VL JL A (s-1) TR.E.(cm-1)
    2986
  0  1  0  1 .1557E+09  99032.54
  0  1  1  1 .3940E+09  94877.29
  0  1  2  1 .3870E+09  90957.23
  0  1  3  1 .1887E+09  87267.53
  0  1  4  1 .4803E+08  83805.23
  0  1  5  1 .6052E+07  80569.33
  0  1  6  1 .3043E+06  77561.22
  0  1  7  1 .2523E+04  74784.90
  0  1  8  1 .3737E+02  72247.86
  0  1  9  1 .1184E+00  69961.40
  0  1 10  1 .5989E-01  67942.11
  0  1 11  1 .6546E-02  66213.24
  0  1 12  1 .2708E-02  64807.11
  0  1 13  1 .2178E-02  63768.73
  0  1 14  1 .1090E-02  63160.52
  0  2  0  2 .1554E+09  98918.20
  0  2  1  2 .3936E+09  94774.73
  0  2  2  2 .3868E+09  90866.26
  0  2  3  2 .1885E+09  87187.89
  0  2  4  2 .4791E+08  83736.85
  0  2  5  2 .6012E+07  80512.27
  0  2  6  2 .2989E+06  77515.57
  0  2  7  2 .2359E+04  74751.02
  0  2  8  2 .3953E+02  72226.21
  0  2  9  2 .8507E-01  69952.78
  0  2 10  2 .5673E-01  67947.78
  0  2 11  2 .5857E-02  66234.45
  0  2 12  2 .2214E-02  64846.30
  0  2 13  2 .1803E-02  63829.53
  0  2 14  2 .8691E-03  63249.43
  0  3  0  3 .1550E+09  98748.09
  0  3  1  3 .3930E+09  94622.22
  0  3  2  3 .3864E+09  90730.93
  0  3  3  3 .1882E+09  87069.49
  0  3  4  3 .4775E+08  83635.36
  0  3  5  3 .5954E+07  80427.62
  0  3  6  3 .2910E+06  77448.05
  0  3  7  3 .2124E+04  74701.10
  0  3  8  3 .4271E+02  72194.65
  0  3  9  3 .4504E-01  69940.69
  0  3 10  3 .5216E-01  67956.67
  0  3 11  3 .4943E-02  66267.08
  0  3 12  3 .1561E-02  64906.21
  0  3 13  3 .1278E-02  63922.33
  0  3 14  3 .5629E-03  63385.71
  0  4  0  4 .1545E+09  98524.09
  0  4  1  4 .3922E+09  94421.51
  0  4  2  4 .3860E+09  90553.01
  0  4  3  4 .1879E+09  86914.09
  0  4  4  4 .4752E+08  83502.21
  0  4  5  4 .5876E+07  80316.88
  0  4  6  4 .2806E+06  77360.02
  0  4  7  4 .1833E+04  74636.51
  0  4  8  4 .4682E+02  72154.43
  0  4  9  4 .1095E-01  69926.45
  0  4 10  4 .4639E-01  67970.72
  0  4 11  4 .3957E-02  66312.77
  0  4 12  4 .8822E-03  64988.54
  0  4 13  4 .7006E-03  64049.40
  0  4 14  4 .2392E-03  63574.75
  0  5  0  5 .1538E+09  98248.28
  0  5  1  5 .3912E+09  94174.54
  0  5  2  5 .3854E+09  90334.34
  0  5  3  5 .1876E+09  86723.22
  0  5  4  5 .4725E+08  83339.01
  0  5  5  5 .5780E+07  80181.46
  0  5  6  5 .2679E+06  77252.88
  0  5  7  5 .1502E+04  74558.39
  0  5  8  5 .5164E+02  72106.77
  0  5  9  5 .1055E-02  69911.27
  0  5 10  5 .3967E-01  67990.99
  0  5 11  5 .3087E-02  66372.89
  0  5 12  5 .3475E-03  65095.21
  0  5 13  5 .2333E-03  64213.55
  0  6  0  6 .1529E+09  97923.54
  0  6  1  6 .3900E+09  93884.02
  0  6  2  6 .3848E+09  90077.10
  0  6  3  6 .1871E+09  86499.12
  0  6  4  6 .4693E+08  83147.94
  0  6  5  6 .5665E+07  80023.53
  0  6  6  6 .2529E+06  77128.53
  0  6  7  6 .1152E+04  74468.76
  0  6  8  6 .5688E+02  72053.60
  0  6  9  6 .4039E-01  69897.09
  0  6 10  6 .3221E-01  68019.54
  0  6 11  6 .2505E-02  66449.76
  0  6 12  6 .6828E-04  65228.88
  0  6 13  6 .1526E-04  64419.27
  0  7  0  7 .1520E+09  97552.24
  0  7  1  7 .3887E+09  93552.37
  0  7  2  7 .3841E+09  89784.13
  0  7  3  7 .1867E+09  86244.35
  0  7  4  7 .4656E+08  82931.05
  0  7  5  7 .5532E+07  79844.87
  0  7  6  7 .2359E+06  76988.86
  0  7  7  7 .8065E+03  74369.37
  0  7  8  7 .6203E+02  71996.67
  0  7  9  7 .1626E+00  69885.67
  0  7 10  7 .2401E-01  68058.35
  0  7 11  7 .2331E-02  66545.75
  0  7 12  7 .1976E-05  65393.20
  0  7 13  7 .2160E-04  64672.96
  0  8  0  8 .1508E+09  97138.54
  0  8  1  8 .3871E+09  93182.50
  0  8  2  8 .3833E+09  89458.15
  0  8  3  8 .1862E+09  85961.39
  0  8  4  8 .4614E+08  82691.21
  0  8  5  8 .5381E+07  79648.13
  0  8  6  8 .2171E+06  76836.37
  0  8  7  8 .4912E+03  74262.61
  0  8  8  8 .6643E+02  71938.19
  0  8  9  8 .4125E+00  69879.48
  0  8 10  8 .1498E-01  68109.84
  0  8 11  8 .2643E-02  66663.99
  0  8 12  8 .1185E-05  65592.26
  0  9  0  9 .1496E+09  96684.73
  0  9  1  9 .3854E+09  92778.42
  0  9  2  9 .3825E+09  89101.90
  0  9  3  9 .1856E+09  85652.87
  0  9  4  9 .4568E+08  82430.27
  0  9  5  9 .5210E+07  79435.49
  0  9  6  9 .1965E+06  76673.03
  0  9  7  9 .2336E+03  74150.66
  0  9  8  9 .6917E+02  71880.62
  0  9  9  9 .8476E+00  69880.81
  0  9 10  9 .5696E-02  68177.30
  0  9 11  9 .3390E-02  66808.06
  0  9 12  9 .7934E-04  65832.09
  0 10  0 10 .1482E+09  96195.17
  0 10  1 10 .3836E+09  92342.19
  0 10  2 10 .3817E+09  88718.56
  0 10  3 10 .1851E+09  85321.96
  0 10  4 10 .4515E+08  82151.53
  0 10  5 10 .5019E+07  79209.77
  0 10  6 10 .1745E+06  76501.63
  0 10  7 10 .6105E+02  74035.87
  0 10  8 10 .6917E+02  71826.18
  0 10  9 10 .1536E+01  69892.46
  0 10 10 10 .1613E-04  68263.30
  0 10 11 10 .4004E-02  66982.35
  0 10 12 10 .5055E-03  66121.38
  0 11  0 11 .1467E+09  95672.84
  0 11  1 11 .3816E+09  91877.75
  0 11  2 11 .3809E+09  88311.29
  0 11  3 11 .1845E+09  84971.04
  0 11  4 11 .4457E+08  81857.39
  0 11  5 11 .4808E+07  78973.19
  0 11  6 11 .1514E+06  76324.27
  0 11  7 11 .2608E-01  73920.76
  0 11  8 11 .6523E+02  71777.83
  0 11  9 11 .2538E+01  69917.22
  0 11 10 11 .1117E-01  68372.17
  0 11 11 11 .3063E-02  67192.72
  0 12  0 12 .1450E+09  95121.44
  0 12  1 12 .3795E+09  91388.61
  0 12  2 12 .3801E+09  87882.90
  0 12  3 12 .1838E+09  84603.27
  0 12  4 12 .4392E+08  81550.57
  0 12  5 12 .4573E+07  78728.28
  0 12  6 12 .1274E+06  76143.68
  0 12  7 12 .7271E+02  73807.73
  0 12  8 12 .5635E+02  71738.01
  0 12  9 12 .3866E+01  69958.82
  0 12 10 12 .7210E-01  68508.06
  0 12 11 12 .3009E-03  67446.94
  0 13  0 13 .1433E+09  94544.39
  0 13  1 13 .3773E+09  90877.15
  0 13  2 13 .3794E+09  87436.11
  0 13  3 13 .1832E+09  84221.13
  0 13  4 13 .4319E+08  81233.60
  0 13  5 13 .4313E+07  78477.99
  0 13  6 13 .1032E+06  75962.39
  0 13  7 13 .2929E+03  73699.99
  0 13  8 13 .4219E+02  71709.76
  0 13  9 13 .5388E+01  70020.57
  0 13 10 13 .2444E+00  68676.60
  0 14  0 14 .1415E+09  93945.44
  0 14  1 14 .3751E+09  90346.96
  0 14  2 14 .3786E+09  86974.31
  0 14  3 14 .1824E+09  83827.79
  0 14  4 14 .4235E+08  80909.48
  0 14  5 14 .4026E+07  78224.67
  0 14  6 14 .7928E+05  75783.14
  0 14  7 14 .6597E+03  73599.75
  0 14  8 14 .2416E+02  71696.88
  0 14  9 14 .6697E+01  70107.33
  0 14 10 14 .6022E+00  68885.33
  0 15  0 15 .1396E+09  93326.60
  0 15  1 15 .3729E+09  89800.68
  0 15  2 15 .3780E+09  86499.99
  0 15  3 15 .1816E+09  83425.27
  0 15  4 15 .4141E+08  80579.95
  0 15  5 15 .3711E+07  77970.62
  0 15  6 15 .5648E+05  75608.42
  0 15  7 15 .1148E+04  73510.60
  0 15  8 15 .6902E+01  71702.57
  0 15  9 15 .7005E+01  70224.35
  0 15 10 15 .1131E+01  69145.68
  0 16  0 16 .1376E+09  92692.12
  0 16  1 16 .3707E+09  89241.44
  0 16  2 16 .3775E+09  86015.91
  0 16  3 16 .1807E+09  83016.63
  0 16  4 16 .4032E+08  80248.26
  0 16  5 16 .3365E+07  77718.68
  0 16  6 16 .3583E+05  75441.23
  0 16  7 16 .1695E+04  73435.30
  0 16  8 16 .2418E+00  71731.94
  0 16  9 16 .5342E+01  70379.17
  0 17  0 17 .1357E+09  92043.89
  0 17  1 17 .3686E+09  88671.70
  0 17  2 17 .3770E+09  85524.24
  0 17  3 17 .1797E+09  82603.97
  0 17  4 17 .3907E+08  79916.39
  0 17  5 17 .2990E+07  77471.40
  0 17  6 17 .1859E+05  75284.05
  0 17  7 17 .2193E+04  73377.99
  0 17  8 17 .2024E+02  71789.53
  0 17  9 17 .1737E+01  70582.01
  0 18  0 18 .1337E+09  91384.95
  0 18  1 18 .3667E+09  88094.11
  0 18  2 18 .3768E+09  85028.06
  0 18  3 18 .1785E+09  82190.03
  0 18  4 18 .3762E+08  79587.45
  0 18  5 18 .2585E+07  77231.80
  0 18  6 18 .6237E+04  75141.05
  0 18  7 18 .2480E+04  73342.90
  0 18  8 18 .8605E+02  71882.97
  0 19  0 19 .1317E+09  90718.30
  0 19  1 19 .3649E+09  87510.84
  0 19  2 19 .3767E+09  84528.96
  0 19  3 19 .1770E+09  81776.74
  0 19  4 19 .3595E+08  79263.27
  0 19  5 19 .2154E+07  77002.10
  0 19  6 19 .3124E+03  75014.73
  0 19  7 19 .2366E+04  73335.20
  0 19  8 19 .2044E+03  72022.33
  0 20  0 20 .1298E+09  90045.57
  0 20  1 20 .3635E+09  86924.96
  0 20  2 20 .3767E+09  84030.08
  0 20  3 20 .1753E+09  81367.17
  0 20  4 20 .3399E+08  78946.93
  0 20  5 20 .1704E+07  76785.95
  0 20  6 20 .2143E+04  74910.25
  0 20  7 20 .1714E+04  73362.14
  0 21  0 21 .1280E+09  89369.62
  0 21  1 21 .3624E+09  86337.36
  0 21  2 21 .3771E+09  83532.85
  0 21  3 21 .1732E+09  80962.70
  0 21  4 21 .3172E+08  78640.68
  0 21  5 21 .1249E+07  76586.41
  0 21  6 21 .1220E+05  74831.68
  0 22  0 22 .1262E+09  88691.83
  0 22  1 22 .3617E+09  85751.20
  0 22  2 22 .3777E+09  83039.79
  0 22  3 22 .1706E+09  80566.52
  0 22  4 22 .2907E+08  78348.06
  0 22  5 22 .8111E+06  76408.04
  0 22  6 22 .2898E+05  74787.57
  0 23  0 23 .1246E+09  88015.34
  0 23  1 23 .3616E+09  85167.97
  0 23  2 23 .3786E+09  82552.77
  0 23  3 23 .1674E+09  80180.84
  0 23  4 23 .2600E+08  78071.52
  0 23  5 23 .4222E+06  76255.18
  0 24  0 24 .1232E+09  87340.51
  0 24  1 24 .3623E+09  84589.28
  0 24  2 24 .3799E+09  82074.02
  0 24  3 24 .1634E+09  79808.52
  0 24  4 24 .2245E+08  77815.24
  0 24  5 24 .1310E+06  76135.51
  0 25  0 25 .1220E+09  86669.64
  0 25  1 25 .3639E+09  84017.92
  0 25  2 25 .3817E+09  81606.27
  0 25  3 25 .1583E+09  79451.62
  0 25  4 25 .1840E+08  77583.84
  1  1  0  1 .2498E+09 101338.22
  1  1  1  1 .1764E+09  97182.97
  1  1  2  1 .4084E+07  93262.91
  1  1  3  1 .2423E+09  89573.21
  1  1  4  1 .3201E+09  86110.91
  1  1  5  1 .1400E+09  82875.01
  1  1  6  1 .2444E+08  79866.90
  1  1  7  1 .1386E+07  77090.58
  1  1  8  1 .5636E+04  74553.54
  1  1  9  1 .5737E+03  72267.08
  1  1 10  1 .2063E+01  70247.79
  1  1 11  1 .5943E+00  68518.92
  1  1 12  1 .2087E+00  67112.79
  1  1 13  1 .4453E-01  66074.41
  1  1 14  1 .9365E-02  65466.20
  1  2  0  2 .2494E+09 101217.58
  1  2  1  2 .1763E+09  97074.11
  1  2  2  2 .4078E+07  93165.64
  1  2  3  2 .2423E+09  89487.27
  1  2  4  2 .3200E+09  86036.23
  1  2  5  2 .1397E+09  82811.65
  1  2  6  2 .2426E+08  79814.95
  1  2  7  2 .1355E+07  77050.40
  1  2  8  2 .4952E+04  74525.59
  1  2  9  2 .5853E+03  72252.16
  1  2 10  2 .2817E+01  70247.16
  1  2 11  2 .5193E+00  68533.83
  1  2 12  2 .2079E+00  67145.68
  1  2 13  2 .4663E-01  66128.91
  1  2 14  2 .9628E-02  65548.81
  1  3  0  3 .2487E+09 101038.08
  1  3  1  3 .1761E+09  96912.21
  1  3  2  3 .4069E+07  93020.92
  1  3  3  3 .2423E+09  89359.48
  1  3  4  3 .3199E+09  85925.35
  1  3  5  3 .1392E+09  82717.61
  1  3  6  3 .2398E+08  79738.04
  1  3  7  3 .1308E+07  76991.09
  1  3  8  3 .4015E+04  74484.64
  1  3  9  3 .6004E+03  72230.68
  1  3 10  3 .4180E+01  70246.66
  1  3 11  3 .4068E+00  68557.07
  1  3 12  3 .2034E+00  67196.20
  1  3 13  3 .4909E-01  66212.32
  1  3 14  3 .9538E-02  65675.70
  1  4  0  4 .2478E+09 100801.64
  1  4  1  4 .1759E+09  96699.06
  1  4  2  4 .4054E+07  92830.56
  1  4  3  4 .2424E+09  89191.64
  1  4  4  4 .3197E+09  85779.76
  1  4  5  4 .1386E+09  82594.43
  1  4  6  4 .2361E+08  79637.57
  1  4  7  4 .1247E+07  76914.06
  1  4  8  4 .2930E+04  74431.98
  1  4  9  4 .6157E+03  72204.00
  1  4 10  4 .6439E+01  70248.27
  1  4 11  4 .2641E+00  68590.32
  1  4 12  4 .1915E+00  67266.09
  1  4 13  4 .5087E-01  66326.95
  1  4 14  4 .8010E-02  65852.30
  1  5  0  5 .2467E+09 100510.40
  1  5  1  5 .1756E+09  96436.66
  1  5  2  5 .4032E+07  92596.46
  1  5  3  5 .2424E+09  88985.34
  1  5  4  5 .3196E+09  85601.13
  1  5  5  5 .1379E+09  82443.58
  1  5  6  5 .2316E+08  79515.00
  1  5  7  5 .1173E+07  76820.51
  1  5  8  5 .1827E+04  74368.89
  1  5  9  5 .6269E+03  72173.39
  1  5 10  5 .9969E+01  70253.11
  1  5 11  5 .1137E+00  68635.01
  1  5 12  5 .1675E+00  67357.33
  1  5 13  5 .5037E-01  66475.67
  1  6  0  6 .2454E+09 100167.34
  1  6  1  6 .1753E+09  96127.82
  1  6  2  6 .4002E+07  92320.90
  1  6  3  6 .2425E+09  88742.92
  1  6  4  6 .3194E+09  85391.74
  1  6  5  6 .1370E+09  82267.33
  1  6  6  6 .2261E+08  79372.33
  1  6  7  6 .1087E+07  76712.56
  1  6  8  6 .8600E+03  74297.40
  1  6  9  6 .6280E+03  72140.89
  1  6 10  6 .1520E+02  70263.34
  1  6 11  6 .8804E-02  68693.56
  1  6 12  6 .1277E+00  67472.68
  1  6 13  6 .4545E-01  66663.07
  1  7  0  7 .2438E+09  99774.92
  1  7  1  7 .1750E+09  95775.05
  1  7  2  7 .3963E+07  92006.81
  1  7  3  7 .2426E+09  88467.03
  1  7  4  7 .3192E+09  85153.73
  1  7  5  7 .1359E+09  82067.55
  1  7  6  7 .2198E+08  79211.54
  1  7  7  7 .9890E+06  76592.05
  1  7  8  7 .1966E+03  74219.35
  1  7  9  7 .6117E+03  72108.35
  1  7 10  7 .2255E+02  70281.03
  1  7 11  7 .5399E-01  68768.43
  1  7 12  7 .7280E-01  67615.88
  1  7 13  7 .3377E-01  66895.64
  1  8  0  8 .2420E+09  99337.40
  1  8  1  8 .1746E+09  95381.36
  1  8  2  8 .3915E+07  91657.01
  1  8  3  8 .2427E+09  88160.25
  1  8  4  8 .3191E+09  84890.07
  1  8  5  8 .1347E+09  81846.99
  1  8  6  8 .2125E+08  79035.23
  1  8  7  8 .8820E+06  76461.47
  1  8  8  8 .8901E+01  74137.05
  1  8  9  8 .5701E+03  72078.34
  1  8 10  8 .3221E+02  70308.70
  1  8 11  8 .4334E+00  68862.85
  1  8 12  8 .1705E-01  67791.12
  1  9  0  9 .2400E+09  98857.20
  1  9  1  9 .1742E+09  94950.89
  1  9  2  9 .3858E+07  91274.37
  1  9  3  9 .2429E+09  87825.34
  1  9  4  9 .3190E+09  84602.74
  1  9  5  9 .1334E+09  81607.96
  1  9  6  9 .2043E+08  78845.50
  1  9  7  9 .7673E+06  76323.13
  1  9  8  9 .4590E+03  74053.09
  1  9  9  9 .4963E+03  72053.28
  1  9 10  9 .4390E+02  70349.77
  1  9 11  9 .1439E+01  68980.53
  1  9 12  9 .6733E-02  68004.56
  1 10  0 10 .2378E+09  98338.79
  1 10  1 10 .1738E+09  94485.81
  1 10  2 10 .3794E+07  90862.18
  1 10  3 10 .2431E+09  87465.58
  1 10  4 10 .3190E+09  84295.15
  1 10  5 10 .1319E+09  81353.39
  1 10  6 10 .1950E+08  78645.25
  1 10  7 10 .6472E+06  76179.49
  1 10  8 10 .1676E+04  73969.80
  1 10  9 10 .3874E+03  72036.08
  1 10 10 10 .5635E+02  70406.92
  1 10 11 10 .3468E+01  69125.97
  1 10 12 10 .1515E+00  68265.00
  1 11  0 11 .2354E+09  97785.26
  1 11  1 11 .1734E+09  93990.17
  1 11  2 11 .3725E+07  90423.71
  1 11  3 11 .2435E+09  87083.46
  1 11  4 11 .3190E+09  83969.81
  1 11  5 11 .1302E+09  81085.61
  1 11  6 11 .1847E+08  78436.69
  1 11  7 11 .5243E+06  76033.18
  1 11  8 11 .3726E+04  73890.25
  1 11  9 11 .2497E+03  72029.64
  1 11 10 11 .6667E+02  70484.59
  1 11 11 11 .6890E+01  69305.14
  1 12  0 12 .2328E+09  97200.47
  1 12  1 12 .1730E+09  93467.64
  1 12  2 12 .3656E+07  89961.93
  1 12  3 12 .2440E+09  86682.30
  1 12  4 12 .3191E+09  83629.60
  1 12  5 12 .1282E+09  80807.31
  1 12  6 12 .1733E+08  78222.71
  1 12  7 12 .4022E+06  75886.76
  1 12  8 12 .6562E+04  73817.04
  1 12  9 12 .1065E+03  72037.85
  1 12 10 12 .6982E+02  70587.09
  1 12 11 12 .1150E+02  69525.97
  1 13  0 13 .2300E+09  96587.93
  1 13  1 13 .1725E+09  92920.69
  1 13  2 13 .3590E+07  89479.65
  1 13  3 13 .2448E+09  86264.67
  1 13  4 13 .3193E+09  83277.14
  1 13  5 13 .1260E+09  80521.53
  1 13  6 13 .1607E+08  78005.93
  1 13  7 13 .2855E+06  75743.53
  1 13  8 13 .9969E+04  73753.30
  1 13  9 13 .8604E+01  72064.11
  1 13 10 13 .5928E+02  70720.14
  1 14  0 14 .2270E+09  95951.53
  1 14  1 14 .1721E+09  92353.05
  1 14  2 14 .3534E+07  88980.40
  1 14  3 14 .2458E+09  85833.88
  1 14  4 14 .3197E+09  82915.57
  1 14  5 14 .1235E+09  80230.76
  1 14  6 14 .1468E+08  77789.23
  1 14  7 14 .1796E+06  75605.84
  1 14  8 14 .1349E+05  73702.97
  1 14  9 14 .4325E+02  72113.42
  1 14 10 14 .3194E+02  70891.42
  1 15  0 15 .2238E+09  95293.38
  1 15  1 15 .1715E+09  91767.46
  1 15  2 15 .3495E+07  88466.77
  1 15  3 15 .2473E+09  85392.05
  1 15  4 15 .3201E+09  82546.73
  1 15  5 15 .1206E+09  79937.40
  1 15  6 15 .1316E+08  77575.20
  1 15  7 15 .9148E+05  75477.38
  1 15  8 15 .1637E+05  73669.35
  1 15  9 15 .3303E+03  72191.13
  1 15 10 15 .2403E+01  71112.46
  1 16  0 16 .2206E+09  94617.84
  1 16  1 16 .1710E+09  91167.16
  1 16  2 16 .3482E+07  87941.63
  1 16  3 16 .2492E+09  84942.35
  1 16  4 16 .3207E+09  82173.98
  1 16  5 16 .1172E+09  79644.40
  1 16  6 16 .1150E+08  77366.95
  1 16  7 16 .2907E+05  75361.02
  1 16  8 16 .1757E+05  73657.66
  1 16  9 16 .9750E+03  72304.89
  1 17  0 17 .2172E+09  93926.90
  1 17  1 17 .1703E+09  90554.71
  1 17  2 17 .3505E+07  87407.25
  1 17  3 17 .2517E+09  84486.98
  1 17  4 17 .3214E+09  81799.40
  1 17  5 17 .1132E+09  79354.41
  1 17  6 17 .9712E+07  77167.06
  1 17  7 17 .8462E+03  75261.00
  1 17  8 17 .1593E+05  73672.54
  1 17  9 17 .1919E+04  72465.02
  1 18  0 18 .2136E+09  93223.68
  1 18  1 18 .1696E+09  89932.84
  1 18  2 18 .3580E+07  86866.79
  1 18  3 18 .2550E+09  84028.76
  1 18  4 18 .3222E+09  81426.18
  1 18  5 18 .1085E+09  79070.53
  1 18  6 18 .7823E+07  76979.78
  1 18  7 18 .1415E+05  75181.63
  1 18  8 18 .1085E+05  73721.70
  1 19  0 19 .2100E+09  92511.24
  1 19  1 19 .1687E+09  89303.78
  1 19  2 19 .3723E+07  86321.90
  1 19  3 19 .2592E+09  83569.68
  1 19  4 19 .3231E+09  81056.21
  1 19  5 19 .1029E+09  78795.04
  1 19  6 19 .5876E+07  76807.67
  1 19  7 19 .7182E+05  75128.14
  1 19  8 19 .3685E+04  73815.27
  1 20  0 20 .2064E+09  91791.29
  1 20  1 20 .1678E+09  88670.68
  1 20  2 20 .3960E+07  85775.80
  1 20  3 20 .2646E+09  83112.89
  1 20  4 20 .3239E+09  80692.65
  1 20  5 20 .9616E+08  78531.67
  1 20  6 20 .3953E+07  76655.97
  1 20  7 20 .1659E+06  75107.86
  1 21  0 21 .2026E+09  91066.71
  1 21  1 21 .1666E+09  88034.45
  1 21  2 21 .4324E+07  85229.94
  1 21  3 21 .2715E+09  82659.79
  1 21  4 21 .3245E+09  80337.77
  1 21  5 21 .8807E+08  78283.50
  1 21  6 21 .2186E+07  76528.77
  1 22  0 22 .1988E+09  90338.90
  1 22  1 22 .1652E+09  87398.27
  1 22  2 22 .4865E+07  84686.86
  1 22  3 22 .2803E+09  82213.59
  1 22  4 22 .3248E+09  79995.13
  1 22  5 22 .7835E+08  78055.11
  1 22  6 22 .7835E+06  76434.64
  1 23  0 23 .1950E+09  89611.00
  1 23  1 23 .1636E+09  86763.63
  1 23  2 23 .5658E+07  84148.43
  1 23  3 23 .2914E+09  81776.50
  1 23  4 23 .3242E+09  79667.18
  1 23  5 23 .6668E+08  77850.84
  1 24  0 24 .1911E+09  88883.32
  1 24  1 24 .1616E+09  86132.09
  1 24  2 24 .6815E+07  83616.83
  1 24  3 24 .3055E+09  81351.33
  1 24  4 24 .3220E+09  79358.05
  1 24  5 24 .5282E+08  77678.32
  1 25  0 25 .1873E+09  88158.07
  1 25  1 25 .1593E+09  85506.35
  1 25  2 25 .8515E+07  83094.70
  1 25  3 25 .3234E+09  80940.05
  1 25  4 25 .3172E+09  79072.27
  2  1  0  1 .2500E+09 103509.80
  2  1  1  1 .1626E+08  99354.55
  2  1  2  1 .1378E+09  95434.49
  2  1  3  1 .9083E+08  91744.79
  2  1  4  1 .4208E+08  88282.49
  2  1  5  1 .3033E+09  85046.59
  2  1  6  1 .2386E+09  82038.48
  2  1  7  1 .5639E+08  79262.16
  2  1  8  1 .3310E+07  76725.12
  2  1  9  1 .4505E+03  74438.66
  2  1 10  1 .2972E+04  72419.37
  2  1 11  1 .1524E+03  70690.50
  2  1 12  1 .1121E+01  69284.37
  2  1 13  1 .3878E+00  68245.99
  2  1 14  1 .2507E+00  67637.78
  2  2  0  2 .2496E+09 103383.03
  2  2  1  2 .1631E+08  99239.56
  2  2  2  2 .1376E+09  95331.09
  2  2  3  2 .9069E+08  91652.72
  2  2  4  2 .4227E+08  88201.68
  2  2  5  2 .3037E+09  84977.10
  2  2  6  2 .2383E+09  81980.40
  2  2  7  2 .5590E+08  79215.85
  2  2  8  2 .3209E+07  76691.04
  2  2  9  2 .1353E+03  74417.61
  2  2 10  2 .2911E+04  72412.61
  2  2 11  2 .1676E+03  70699.28
  2  2 12  2 .1864E+01  69311.13
  2  2 13  2 .2657E+00  68294.36
  2  2 14  2 .2073E+00  67714.26
  2  3  0  3 .2489E+09 103194.34
  2  3  1  3 .1638E+08  99068.47
  2  3  2  3 .1372E+09  95177.18
  2  3  3  3 .9049E+08  91515.74
  2  3  4  3 .4255E+08  88081.61
  2  3  5  3 .3044E+09  84873.87
  2  3  6  3 .2377E+09  81894.30
  2  3  7  3 .5517E+08  79147.35
  2  3  8  3 .3060E+07  76640.90
  2  3  9  3 .6582E+01  74386.94
  2  3 10  3 .2802E+04  72402.92
  2  3 11  3 .1910E+03  70713.33
  2  3 12  3 .3409E+01  69352.46
  2  3 13  3 .1108E+00  68368.58
  2  3 14  3 .1371E+00  67831.96
  2  4  0  4 .2481E+09 102945.75
  2  4  1  4 .1647E+08  98843.17
  2  4  2  4 .1367E+09  94974.67
  2  4  3  4 .9022E+08  91335.75
  2  4  4  4 .4292E+08  87923.87
  2  4  5  4 .3052E+09  84738.54
  2  4  6  4 .2370E+09  81781.68
  2  4  7  4 .5419E+08  79058.17
  2  4  8  4 .2866E+07  76576.09
  2  4  9  4 .4467E+03  74348.11
  2  4 10  4 .2629E+04  72392.38
  2  4 11  4 .2229E+03  70734.43
  2  4 12  4 .6377E+01  69410.20
  2  4 13  4 .2303E-02  68471.06
  2  4 14  4 .5062E-01  67996.41
  2  5  0  5 .2471E+09 102639.43
  2  5  1  5 .1660E+08  98565.69
  2  5  2  5 .1361E+09  94725.49
  2  5  3  5 .8990E+08  91114.37
  2  5  4  5 .4338E+08  87730.16
  2  5  5  5 .3063E+09  84572.61
  2  5  6  5 .2361E+09  81644.03
  2  5  7  5 .5297E+08  78949.54
  2  5  8  5 .2631E+07  76497.92
  2  5  9  5 .1914E+04  74302.42
  2  5 10  5 .2372E+04  72382.14
  2  5 11  5 .2628E+03  70764.04
  2  5 12  5 .1174E+02  69486.36
  2  5 13  5 .1397E+00  68604.70
  2  6  0  6 .2459E+09 102278.45
  2  6  1  6 .1677E+08  98238.93
  2  6  2  6 .1354E+09  94432.01
  2  6  3  6 .8954E+08  90854.03
  2  6  4  6 .4393E+08  87502.85
  2  6  5  6 .3077E+09  84378.44
  2  6  6  6 .2350E+09  81483.44
  2  6  7  6 .5149E+08  78823.67
  2  6  8  6 .2361E+07  76408.51
  2  6  9  6 .4894E+04  74252.00
  2  6 10  6 .2014E+04  72374.45
  2  6 11  6 .3079E+03  70804.67
  2  6 12  6 .2082E+02  69583.79
  2  6 13  6 .9305E+00  68774.18
  2  7  0  7 .2444E+09 101865.35
  2  7  1  7 .1697E+08  97865.48
  2  7  2  7 .1346E+09  94097.24
  2  7  3  7 .8912E+08  90557.46
  2  7  4  7 .4459E+08  87244.16
  2  7  5  7 .3093E+09  84157.98
  2  7  6  7 .2338E+09  81301.97
  2  7  7  7 .4977E+08  78682.48
  2  7  8  7 .2061E+07  76309.78
  2  7  9  7 .9833E+04  74198.78
  2  7 10  7 .1549E+04  72371.46
  2  7 11  7 .3514E+03  70858.86
  2  7 12  7 .3500E+02  69706.31
  2  7 13  7 .2948E+01  68986.07
  2  8  0  8 .2428E+09 101404.51
  2  8  1  8 .1721E+08  97448.47
  2  8  2  8 .1336E+09  93724.12
  2  8  3  8 .8867E+08  90227.36
  2  8  4  8 .4535E+08  86957.18
  2  8  5  8 .3113E+09  83914.10
  2  8  6  8 .2323E+09  81102.34
  2  8  7  8 .4777E+08  78528.58
  2  8  8  8 .1739E+07  76204.16
  2  8  9  8 .1704E+05  74145.45
  2  8 10  8 .1003E+04  72375.81
  2  8 11  8 .3806E+03  70929.96
  2  8 12  8 .5466E+02  69858.23
  2  9  0  9 .2410E+09 100898.42
  2  9  1  9 .1749E+08  96992.11
  2  9  2  9 .1325E+09  93315.59
  2  9  3  9 .8817E+08  89866.56
  2  9  4  9 .4623E+08  86643.96
  2  9  5  9 .3136E+09  83649.18
  2  9  6  9 .2306E+09  80886.72
  2  9  7  9 .4550E+08  78364.35
  2  9  8  9 .1404E+07  76094.31
  2  9  9  9 .2657E+05  74094.50
  2  9 10  9 .4526E+03  72390.99
  2  9 11  9 .3759E+03  71021.75
  2  9 12  9 .7658E+02  70045.78
  2 10  0 10 .2389E+09 100351.68
  2 10  1 10 .1782E+08  96498.70
  2 10  2 10 .1312E+09  92875.07
  2 10  3 10 .8762E+08  89478.47
  2 10  4 10 .4727E+08  86308.04
  2 10  5 10 .3163E+09  83366.28
  2 10  6 10 .2286E+09  80658.14
  2 10  7 10 .4294E+08  78192.38
  2 10  8 10 .1068E+07  75982.69
  2 10  9 10 .3802E+05  74048.97
  2 10 10 10 .5813E+02  72419.81
  2 10 11 10 .3142E+03  71138.86
  2 10 12 10 .8953E+02  70277.89
  2 11  0 11 .2367E+09  99767.50
  2 11  1 11 .1820E+08  95972.41
  2 11  2 11 .1299E+09  92405.95
  2 11  3 11 .8702E+08  89065.70
  2 11  4 11 .4849E+08  85952.05
  2 11  5 11 .3194E+09  83067.85
  2 11  6 11 .2262E+09  80418.93
  2 11  7 11 .4006E+08  78015.42
  2 11  8 11 .7453E+06  75872.49
  2 11  9 11 .5036E+05  74011.88
  2 11 10 11 .9392E+02  72466.83
  2 11 11 11 .1865E+03  71287.38
  2 12  0 12 .2343E+09  99149.83
  2 12  1 12 .1862E+08  95417.00
  2 12  2 12 .1284E+09  91911.29
  2 12  3 12 .8634E+08  88631.66
  2 12  4 12 .4994E+08  85578.96
  2 12  5 12 .3232E+09  82756.67
  2 12  6 12 .2235E+09  80172.07
  2 12  7 12 .3684E+08  77836.12
  2 12  8 12 .4541E+06  75766.40
  2 12  9 12 .6166E+05  73987.21
  2 12 10 12 .9452E+03  72536.45
  2 12 11 12 .3790E+02  71475.33
  2 13  0 13 .2317E+09  98502.31
  2 13  1 13 .1908E+08  94835.07
  2 13  2 13 .1268E+09  91394.03
  2 13  3 13 .8557E+08  88179.05
  2 13  4 13 .5168E+08  85191.52
  2 13  5 13 .3275E+09  82435.91
  2 13  6 13 .2203E+09  79920.31
  2 13  7 13 .3328E+08  77657.91
  2 13  8 13 .2161E+06  75667.68
  2 13  9 13 .6902E+05  73978.49
  2 13 10 13 .3009E+04  72634.52
  2 14  0 14 .2289E+09  97828.91
  2 14  1 14 .1958E+08  94230.43
  2 14  2 14 .1252E+09  90857.78
  2 14  3 14 .8468E+08  87711.26
  2 14  4 14 .5380E+08  84792.95
  2 14  5 14 .3326E+09  82108.14
  2 14  6 14 .2163E+09  79666.61
  2 14  7 14 .2935E+08  77483.22
  2 14  8 14 .5604E+05  75580.35
  2 14  9 14 .6877E+05  73990.80
  2 14 10 14 .6371E+04  72768.80
  2 15  0 15 .2260E+09  97131.86
  2 15  1 15 .2011E+08  93605.94
  2 15  2 15 .1235E+09  90305.25
  2 15  3 15 .8363E+08  87230.53
  2 15  4 15 .5640E+08  84385.21
  2 15  5 15 .3385E+09  81775.88
  2 15  6 15 .2116E+09  79413.68
  2 15  7 15 .2507E+08  77315.86
  2 15  8 15 .6830E+02  75507.83
  2 15  9 15 .5752E+05  74029.61
  2 15 10 15 .1006E+05  72950.94
  2 16  0 16 .2228E+09  96415.60
  2 16  1 16 .2067E+08  92964.92
  2 16  2 16 .1218E+09  89739.39
  2 16  3 16 .8240E+08  86740.11
  2 16  4 16 .5962E+08  83971.74
  2 16  5 16 .3454E+09  81442.16
  2 16  6 16 .2056E+09  79164.71
  2 16  7 16 .2047E+08  77158.78
  2 16  8 16 .7021E+05  75455.42
  2 16  9 16 .3484E+05  74102.65
  2 17  0 17 .2195E+09  95682.20
  2 17  1 17 .2124E+08  92310.01
  2 17  2 17 .1200E+09  89162.55
  2 17  3 17 .8091E+08  86242.28
  2 17  4 17 .6364E+08  83554.70
  2 17  5 17 .3534E+09  81109.71
  2 17  6 17 .1983E+09  78922.36
  2 17  7 17 .1565E+08  77016.30
  2 17  8 17 .2736E+06  75427.84
  2 17  9 17 .8610E+04  74220.32
  2 18  0 18 .2160E+09  94934.82
  2 18  1 18 .2182E+08  91643.98
  2 18  2 18 .1183E+09  88577.93
  2 18  3 18 .7912E+08  85739.90
  2 18  4 18 .6871E+08  83137.32
  2 18  5 18 .3627E+09  80781.67
  2 18  6 18 .1890E+09  78690.92
  2 18  7 18 .1078E+08  76892.77
  2 18  8 18 .5824E+06  75432.84
  2 19  0 19 .2123E+09  94176.57
  2 19  1 19 .2238E+08  90969.11
  2 19  2 19 .1166E+09  87987.23
  2 19  3 19 .7693E+08  85235.01
  2 19  4 19 .7515E+08  82721.54
  2 19  5 19 .3733E+09  80460.37
  2 19  6 19 .1771E+09  78473.00
  2 19  7 19 .6181E+07  76793.47
  2 19  8 19 .8993E+06  75480.60
  2 20  0 20 .2084E+09  93409.16
  2 20  1 20 .2291E+08  90288.55
  2 20  2 20 .1149E+09  87393.67
  2 20  3 20 .7427E+08  84730.76
  2 20  4 20 .8343E+08  82310.52
  2 20  5 20 .3853E+09  80149.54
  2 20  6 20 .1620E+09  78273.84
  2 20  7 20 .2388E+07  76725.73
  2 21  0 21 .2043E+09  92635.46
  2 21  1 21 .2341E+08  89603.20
  2 21  2 21 .1134E+09  86798.69
  2 21  3 21 .7100E+08  84228.54
  2 21  4 21 .9418E+08  81906.52
  2 21  5 21 .3987E+09  79852.25
  2 21  6 21 .1426E+09  78097.52
  2 22  0 22 .2000E+09  91856.82
  2 22  1 22 .2383E+08  88916.19
  2 22  2 22 .1120E+09  86204.78
  2 22  3 22 .6699E+08  83731.51
  2 22  4 22 .1083E+09  81513.05
  2 22  5 22 .4128E+09  79573.03
  2 22  6 22 .1179E+09  77952.56
  2 23  0 23 .1954E+09  91076.28
  2 23  1 23 .2416E+08  88228.91
  2 23  2 23 .1108E+09  85613.71
  2 23  3 23 .6205E+08  83241.78
  2 23  4 23 .1273E+09  81132.46
  2 23  5 23 .4265E+09  79316.12
  2 24  0 24 .1906E+09  90294.03
  2 24  1 24 .2437E+08  87542.80
  2 24  2 24 .1097E+09  85027.54
  2 24  3 24 .5596E+08  82762.04
  2 24  4 24 .1531E+09  80768.76
  2 24  5 24 .4372E+09  79089.03
  2 25  0 25 .1855E+09  89512.11
  2 25  1 25 .2442E+08  86860.39
  2 25  2 25 .1089E+09  84448.74
  2 25  3 25 .4846E+08  82294.09
  2 25  4 25 .1890E+09  80426.31
  3  1  0  1 .2039E+09 105549.93
  3  1  1  1 .9161E+07 101394.68
  3  1  2  1 .1318E+09  97474.62
  3  1  3  1 .4383E+07  93784.92
  3  1  4  1 .1532E+09  90322.62
  3  1  5  1 .4596E+07  87086.72
  3  1  6  1 .1985E+09  84078.61
  3  1  7  1 .3124E+09  81302.29
  3  1  8  1 .9751E+08  78765.25
  3  1  9  1 .5146E+07  76478.79
  3  1 10  1 .3618E+05  74459.50
  3  1 11  1 .4689E+04  72730.63
  3  1 12  1 .1505E+04  71324.50
  3  1 13  1 .2174E+03  70286.12
  3  1 14  1 .2821E+02  69677.91
  3  2  0  2 .2036E+09 105417.11
  3  2  1  2 .9080E+07 101273.64
  3  2  2  2 .1317E+09  97365.17
  3  2  3  2 .4369E+07  93686.80
  3  2  4  2 .1530E+09  90235.76
  3  2  5  2 .4479E+07  87011.18
  3  2  6  2 .1995E+09  84014.48
  3  2  7  2 .3124E+09  81249.93
  3  2  8  2 .9653E+08  78725.12
  3  2  9  2 .4917E+07  76451.69
  3  2 10  2 .4219E+05  74446.69
  3  2 11  2 .4132E+04  72733.36
  3  2 12  2 .1523E+04  71345.21
  3  2 13  2 .2402E+03  70328.44
  3  2 14  2 .3275E+02  69748.34
  3  3  0  3 .2031E+09 105219.40
  3  3  1  3 .8959E+07 101093.53
  3  3  2  3 .1314E+09  97202.24
  3  3  3  3 .4347E+07  93540.80
  3  3  4  3 .1528E+09  90106.67
  3  3  5  3 .4308E+07  86898.93
  3  3  6  3 .2011E+09  83919.36
  3  3  7  3 .3124E+09  81172.41
  3  3  8  3 .9504E+08  78665.96
  3  3  9  3 .4581E+07  76412.00
  3  3 10  3 .5177E+05  74427.98
  3  3 11  3 .3319E+04  72738.39
  3  3 12  3 .1531E+04  71377.52
  3  3 13  3 .2737E+03  70393.64
  3  3 14  3 .3838E+02  69857.02
  3  4  0  4 .2025E+09 104958.85
  3  4  1  4 .8794E+07 100856.27
  3  4  2  4 .1311E+09  96987.77
  3  4  3  4 .4314E+07  93348.85
  3  4  4  4 .1524E+09  89936.97
  3  4  5  4 .4086E+07  86751.64
  3  4  6  4 .2033E+09  83794.78
  3  4  7  4 .3124E+09  81071.27
  3  4  8  4 .9305E+08  78589.19
  3  4  9  4 .4151E+07  76361.21
  3  4 10  4 .6546E+05  74405.48
  3  4 11  4 .2309E+04  72747.53
  3  4 12  4 .1506E+04  71423.30
  3  4 13  4 .3145E+03  70484.16
  3  4 14  4 .3943E+02  70009.51
  3  5  0  5 .2018E+09 104637.70
  3  5  1  5 .8586E+07 100563.96
  3  5  2  5 .1307E+09  96723.76
  3  5  3  5 .4269E+07  93112.64
  3  5  4  5 .1520E+09  89728.43
  3  5  5  5 .3816E+07  86570.88
  3  5  6  5 .2061E+09  83642.30
  3  5  7  5 .3123E+09  80947.81
  3  5  8  5 .9054E+08  78496.19
  3  5  9  5 .3638E+07  76300.69
  3  5 10  5 .8365E+05  74380.41
  3  5 11  5 .1228E+04  72762.31
  3  5 12  5 .1414E+04  71484.63
  3  5 13  5 .3535E+03  70602.97
  3  6  0  6 .2009E+09 104259.08
  3  6  1  6 .8333E+07 100219.56
  3  6  2  6 .1302E+09  96412.64
  3  6  3  6 .4211E+07  92834.66
  3  6  4  6 .1514E+09  89483.48
  3  6  5  6 .3503E+07  86359.07
  3  6  6  6 .2094E+09  83464.07
  3  6  7  6 .3122E+09  80804.30
  3  6  8  6 .8749E+08  78389.14
  3  6  9  6 .3063E+07  76232.63
  3  6 10  6 .1063E+06  74355.08
  3  6 11  6 .3224E+03  72785.30
  3  6 12  6 .1214E+04  71564.42
  3  6 13  6 .3709E+03  70754.81
  3  7  0  7 .1999E+09 103825.62
  3  7  1  7 .8036E+07  99825.75
  3  7  2  7 .1297E+09  96057.51
  3  7  3  7 .4138E+07  92517.73
  3  7  4  7 .1508E+09  89204.43
  3  7  5  7 .3152E+07  86118.25
  3  7  6  7 .2135E+09  83262.24
  3  7  7  7 .3120E+09  80642.75
  3  7  8  7 .8388E+08  78270.05
  3  7  9  7 .2447E+07  76159.05
  3  7 10  7 .1327E+06  74331.73
  3  7 11  7 .1456E+02  72819.13
  3  7 12  7 .8787E+03  71666.58
  3  7 13  7 .3328E+03  70946.34
  3  8  0  8 .1988E+09 103341.77
  3  8  1  8 .7695E+07  99385.73
  3  8  2  8 .1291E+09  95661.38
  3  8  3  8 .4051E+07  92164.62
  3  8  4  8 .1501E+09  88894.44
  3  8  5  8 .2766E+07  85851.36
  3  8  6  8 .2182E+09  83039.60
  3  8  7  8 .3117E+09  80465.84
  3  8  8  8 .7967E+08  78141.42
  3  8  9  8 .1820E+07  76082.71
  3  8 10  8 .1607E+06  74313.07
  3  8 11  8 .9459E+03  72867.22
  3  8 12  8 .4366E+03  71795.49
  3  9  0  9 .1975E+09 102810.15
  3  9  1  9 .7312E+07  98903.84
  3  9  2  9 .1284E+09  95227.32
  3  9  3  9 .3950E+07  91778.29
  3  9  4  9 .1493E+09  88555.69
  3  9  5  9 .2352E+07  85560.91
  3  9  6  9 .2239E+09  82798.45
  3  9  7  9 .3113E+09  80276.08
  3  9  8  9 .7483E+08  78006.04
  3  9  9  9 .1218E+07  76006.23
  3  9 10  9 .1867E+06  74302.72
  3  9 11  9 .3961E+04  72933.48
  3  9 12  9 .5436E+02  71957.51
  3 10  0 10 .1961E+09 102235.42
  3 10  1 10 .6890E+07  98382.44
  3 10  2 10 .1276E+09  94758.81
  3 10  3 10 .3836E+07  91362.21
  3 10  4 10 .1484E+09  88191.78
  3 10  5 10 .1916E+07  85250.02
  3 10  6 10 .2305E+09  82541.88
  3 10  7 10 .3105E+09  80076.12
  3 10  8 10 .6930E+08  77866.43
  3 10  9 10 .6840E+06  75932.71
  3 10 10 10 .2050E+06  74303.55
  3 10 11 10 .9909E+04  73022.60
  3 10 12 10 .1368E+03  72161.63
  3 11  0 11 .1945E+09 101620.90
  3 11  1 11 .6433E+07  97825.81
  3 11  2 11 .1268E+09  94259.35
  3 11  3 11 .3712E+07  90919.10
  3 11  4 11 .1474E+09  87805.45
  3 11  5 11 .1468E+07  84921.25
  3 11  6 11 .2382E+09  82272.33
  3 11  7 11 .3094E+09  79868.82
  3 11  8 11 .6304E+08  77725.89
  3 11  9 11 .2698E+06  75865.28
  3 11 10 11 .2079E+06  74320.23
  3 11 11 11 .1905E+05  73140.78
  3 12  0 12 .1928E+09 100970.65
  3 12  1 12 .5947E+07  97237.82
  3 12  2 12 .1259E+09  93732.11
  3 12  3 12 .3583E+07  90452.48
  3 12  4 12 .1464E+09  87399.78
  3 12  5 12 .1022E+07  84577.49
  3 12  6 12 .2472E+09  81992.89
  3 12  7 12 .3076E+09  79656.94
  3 12  8 12 .5603E+08  77587.22
  3 12  9 12 .3311E+05  75808.03
  3 12 10 12 .1870E+06  74357.27
  3 12 11 12 .2973E+05  73296.15
  3 13  0 13 .1910E+09 100288.37
  3 13  1 13 .5438E+07  96621.13
  3 13  2 13 .1249E+09  93180.09
  3 13  3 13 .3451E+07  89965.11
  3 13  4 13 .1452E+09  86977.58
  3 13  5 13 .6027E+06  84221.97
  3 13  6 13 .2578E+09  81706.37
  3 13  7 13 .3050E+09  79443.97
  3 13  8 13 .4825E+08  77453.74
  3 13  9 13 .3281E+05  75764.55
  3 13 10 13 .1374E+06  74420.58
  3 14  0 14 .1890E+09  99578.13
  3 14  1 14 .4914E+07  95979.65
  3 14  2 14 .1238E+09  92607.00
  3 14  3 14 .3324E+07  89460.48
  3 14  4 14 .1439E+09  86542.17
  3 14  5 14 .2505E+06  83857.36
  3 14  6 14 .2702E+09  81415.83
  3 14  7 14 .3012E+09  79232.44
  3 14  8 14 .3975E+08  77329.57
  3 14  9 14 .3147E+06  75740.02
  3 14 10 14 .6585E+05  74518.02
  3 15  0 15 .1868E+09  98842.22
  3 15  1 15 .4381E+07  95316.30
  3 15  2 15 .1226E+09  92015.61
  3 15  3 15 .3208E+07  88940.89
  3 15  4 15 .1424E+09  86095.57
  3 15  5 15 .3017E+05  83486.24
  3 15  6 15 .2849E+09  81124.04
  3 15  7 15 .2955E+09  79026.22
  3 15  8 15 .3067E+08  77218.19
  3 15  9 15 .8835E+06  75739.97
  3 15 10 15 .5953E+04  74661.30
  3 16  0 16 .1845E+09  98085.12
  3 16  1 16 .3850E+07  94634.44
  3 16  2 16 .1213E+09  91408.91
  3 16  3 16 .3109E+07  88409.63
  3 16  4 16 .1408E+09  85641.26
  3 16  5 16 .4687E+05  83111.68
  3 16  6 16 .3023E+09  80834.23
  3 16  7 16 .2873E+09  78828.30
  3 16  8 16 .2134E+08  77124.94
  3 16  9 16 .1650E+07  75772.17
  3 17  0 17 .1820E+09  97308.94
  3 17  1 17 .3327E+07  93936.75
  3 17  2 17 .1199E+09  90789.29
  3 17  3 17 .3036E+07  87869.02
  3 17  4 17 .1390E+09  85181.44
  3 17  5 17 .4704E+06  82736.45
  3 17  6 17 .3229E+09  80549.10
  3 17  7 17 .2755E+09  78643.04
  3 17  8 17 .1237E+08  77054.58
  3 17  9 17 .2342E+07  75847.06
  3 18  0 18 .1793E+09  96516.85
  3 18  1 18 .2822E+07  93226.01
  3 18  2 18 .1183E+09  90159.96
  3 18  3 18 .2999E+07  87321.93
  3 18  4 18 .1369E+09  84719.35
  3 18  5 18 .1574E+07  82363.70
  3 18  6 18 .3473E+09  80272.95
  3 18  7 18 .2586E+09  78474.80
  3 18  8 18 .4829E+07  77014.87
  3 19  0 19 .1763E+09  95711.96
  3 19  1 19 .2342E+07  92504.50
  3 19  2 19 .1166E+09  89522.62
  3 19  3 19 .3009E+07  86770.40
  3 19  4 19 .1344E+09  84256.93
  3 19  5 19 .3804E+07  81995.76
  3 19  6 19 .3759E+09  80008.39
  3 19  7 19 .2345E+09  78328.86
  3 19  8 19 .4069E+06  77015.99
  3 20  0 20 .1732E+09  94895.95
  3 20  1 20 .1893E+07  91775.34
  3 20  2 20 .1148E+09  88880.46
  3 20  3 20 .3082E+07  86217.55
  3 20  4 20 .1314E+09  83797.31
  3 20  5 20 .7887E+07  81636.33
  3 20  6 20 .4093E+09  79760.63
  3 20  7 20 .2006E+09  78212.52
  3 21  0 21 .1697E+09  94071.63
  3 21  1 21 .1484E+07  91039.37
  3 21  2 21 .1127E+09  88234.86
  3 21  3 21 .3238E+07  85664.71
  3 21  4 21 .1277E+09  83342.69
  3 21  5 21 .1504E+08  81288.42
  3 21  6 21 .4470E+09  79533.69
  3 22  0 22 .1660E+09  93240.22
  3 22  1 22 .1118E+07  90299.59
  3 22  2 22 .1104E+09  87588.18
  3 22  3 22 .3503E+07  85114.91
  3 22  4 22 .1228E+09  82896.45
  3 22  5 22 .2734E+08  80956.43
  3 22  6 22 .4872E+09  79335.96
  3 23  0 23 .1618E+09  92404.60
  3 23  1 23 .8005E+06  89557.23
  3 23  2 23 .1078E+09  86942.03
  3 23  3 23 .3915E+07  84570.10
  3 23  4 23 .1163E+09  82460.78
  3 23  5 23 .4843E+08  80644.44
  3 24  0 24 .1573E+09  91564.66
  3 24  1 24 .5338E+06  88813.43
  3 24  2 24 .1049E+09  86298.17
  3 24  3 24 .4527E+07  84032.67
  3 24  4 24 .1074E+09  82039.39
  3 24  5 24 .8492E+08  80359.66
  3 25  0 25 .1522E+09  90722.04
  3 25  1 25 .3201E+06  88070.32
  3 25  2 25 .1015E+09  85658.67
  3 25  3 25 .5410E+07  83504.02
  3 25  4 25 .9462E+08  81636.24
  4  1  0  1 .1496E+09 107460.45
  4  1  1  1 .5226E+08 103305.20
  4  1  2  1 .5103E+08  99385.14
  4  1  3  1 .7267E+08  95695.44
  4  1  4  1 .3731E+08  92233.14
  4  1  5  1 .8617E+08  88997.24
  4  1  6  1 .6396E+08  85989.13
  4  1  7  1 .9222E+08  83212.81
  4  1  8  1 .3539E+09  80675.77
  4  1  9  1 .1401E+09  78389.31
  4  1 10  1 .4996E+07  76370.02
  4  1 11  1 .3633E+06  74641.15
  4  1 12  1 .8508E+03  73235.02
  4  1 13  1 .1892E+04  72196.64
  4  1 14  1 .9058E+03  71588.43
  4  2  0  2 .1494E+09 107321.66
  4  2  1  2 .5201E+08 103178.19
  4  2  2  2 .5106E+08  99269.72
  4  2  3  2 .7248E+08  95591.35
  4  2  4  2 .3723E+08  92140.31
  4  2  5  2 .8622E+08  88915.73
  4  2  6  2 .6344E+08  85919.03
  4  2  7  2 .9361E+08  83154.48
  4  2  8  2 .3548E+09  80629.67
  4  2  9  2 .1384E+09  78356.24
  4  2 10  2 .4619E+07  76351.24
  4  2 11  2 .3826E+06  74637.91
  4  2 12  2 .1755E+04  73249.76
  4  2 13  2 .1503E+04  72232.99
  4  2 14  2 .7792E+03  71652.89
  4  3  0  3 .1491E+09 107115.03
  4  3  1  3 .5163E+08 102989.16
  4  3  2  3 .5110E+08  99097.87
  4  3  3  3 .7218E+08  95436.43
  4  3  4  3 .3712E+08  92002.30
  4  3  5  3 .8630E+08  88794.56
  4  3  6  3 .6266E+08  85814.99
  4  3  7  3 .9572E+08  83068.04
  4  3  8  3 .3562E+09  80561.59
  4  3  9  3 .1358E+09  78307.63
  4  3 10  3 .4079E+07  76323.61
  4  3 11  3 .4101E+06  74634.02
  4  3 12  3 .3760E+04  73273.15
  4  3 13  3 .9570E+03  72289.27
  4  3 14  3 .5703E+03  71752.65
  4  4  0  4 .1488E+09 106842.64
  4  4  1  4 .5113E+08 102740.06
  4  4  2  4 .5115E+08  98871.56
  4  4  3  4 .7177E+08  95232.64
  4  4  4  4 .3698E+08  91820.76
  4  4  5  4 .8640E+08  88635.43
  4  4  6  4 .6162E+08  85678.57
  4  4  7  4 .9860E+08  82955.06
  4  4  8  4 .3580E+09  80472.98
  4  4  9  4 .1322E+09  78245.00
  4  4 10  4 .3407E+07  76289.27
  4  4 11  4 .4435E+06  74631.32
  4  4 12  4 .7696E+04  73307.09
  4  4 13  4 .3672E+03  72367.95
  4  4 14  4 .2839E+03  71893.30
  4  5  0  5 .1483E+09 106506.80
  4  5  1  5 .5049E+08 102433.06
  4  5  2  5 .5124E+08  98592.86
  4  5  3  5 .7125E+08  94981.74
  4  5  4  5 .3681E+08  91597.53
  4  5  5  5 .8652E+08  88439.98
  4  5  6  5 .6032E+08  85511.40
  4  5  7  5 .1023E+09  82816.91
  4  5  8  5 .3602E+09  80365.29
  4  5  9  5 .1277E+09  78169.79
  4  5 10  5 .2647E+07  76249.51
  4  5 11  5 .4785E+06  74631.41
  4  5 12  5 .1469E+05  73353.73
  4  5 13  5 .6009E+01  72472.07
  4  6  0  6 .1478E+09 106110.68
  4  6  1  6 .4972E+08 102071.16
  4  6  2  6 .5135E+08  98264.24
  4  6  3  6 .7062E+08  94686.26
  4  6  4  6 .3662E+08  91335.08
  4  6  5  6 .8665E+08  88210.67
  4  6  6  6 .5875E+08  85315.67
  4  6  7  6 .1069E+09  82655.90
  4  6  8  6 .3627E+09  80240.74
  4  6  9  6 .1221E+09  78084.23
  4  6 10  6 .1857E+07  76206.68
  4  6 11  6 .5085E+06  74636.90
  4  6 12  6 .2601E+05  73416.02
  4  6 13  6 .3992E+03  72606.41
  4  7  0  7 .1472E+09 105657.00
  4  7  1  7 .4881E+08 101657.13
  4  7  2  7 .5149E+08  97888.89
  4  7  3  7 .6987E+08  94349.11
  4  7  4  7 .3641E+08  91035.81
  4  7  5  7 .8679E+08  87949.63
  4  7  6  7 .5690E+08  85093.62
  4  7  7  7 .1126E+09  82474.13
  4  7  8  7 .3656E+09  80101.43
  4  7  9  7 .1154E+09  77990.43
  4  7 10  7 .1106E+07  76163.11
  4  7 11  7 .5234E+06  74650.51
  4  7 12  7 .4259E+05  73497.96
  4  7 13  7 .2260E+04  72777.72
  4  8  0  8 .1465E+09 105150.28
  4  8  1  8 .4776E+08 101194.24
  4  8  2  8 .5167E+08  97469.89
  4  8  3  8 .6900E+08  93973.13
  4  8  4  8 .3617E+08  90702.95
  4  8  5  8 .8693E+08  87659.87
  4  8  6  8 .5476E+08  84848.11
  4  8  7  8 .1194E+09  82274.35
  4  8  8  8 .3686E+09  79949.93
  4  8  9  8 .1076E+09  77891.22
  4  8 10  8 .4817E+06  76121.58
  4  8 11  8 .5104E+06  74675.73
  4  8 12  8 .6387E+05  73604.00
  4  9  0  9 .1458E+09 104593.20
  4  9  1  9 .4656E+08 100686.89
  4  9  2  9 .5189E+08  97010.37
  4  9  3  9 .6800E+08  93561.34
  4  9  4  9 .3592E+08  90338.74
  4  9  5  9 .8709E+08  87343.96
  4  9  6  9 .5231E+08  84581.50
  4  9  7  9 .1276E+09  82059.13
  4  9  8  9 .3717E+09  79789.09
  4  9  9  9 .9844E+08  77789.28
  4  9 10  9 .8461E+05  76085.77
  4  9 11  9 .4556E+06  74716.53
  4  9 12  9 .8562E+05  73740.56
  4 10  0 10 .1450E+09 103990.51
  4 10  1 10 .4523E+08 100137.53
  4 10  2 10 .5214E+08  96513.90
  4 10  3 10 .6688E+08  93117.30
  4 10  4 10 .3564E+08  89946.87
  4 10  5 10 .8728E+08  87005.11
  4 10  6 10 .4951E+08  84296.97
  4 10  7 10 .1374E+09  81831.21
  4 10  8 10 .3747E+09  79621.52
  4 10  9 10 .8794E+08  77687.80
  4 10 10 10 .2380E+05  76058.64
  4 10 11 10 .3493E+06  74777.69
  4 10 12 10 .9656E+05  73916.72
  4 11  0 11 .1440E+09 103345.62
  4 11  1 11 .4377E+08  99550.53
  4 11  2 11 .5242E+08  95984.07
  4 11  3 11 .6565E+08  92643.82
  4 11  4 11 .3533E+08  89530.17
  4 11  5 11 .8749E+08  86645.97
  4 11  6 11 .4632E+08  83997.05
  4 11  7 11 .1492E+09  81593.54
  4 11  8 11 .3771E+09  79450.61
  4 11  9 11 .7602E+08  77590.00
  4 11 10 11 .4012E+06  76044.95
  4 11 11 11 .1988E+06  74865.50
  4 12  0 12 .1430E+09 102662.62
  4 12  1 12 .4218E+08  98929.79
  4 12  2 12 .5273E+08  95424.08
  4 12  3 12 .6430E+08  92144.45
  4 12  4 12 .3497E+08  89091.75
  4 12  5 12 .8774E+08  86269.46
  4 12  6 12 .4271E+08  83684.86
  4 12  7 12 .1634E+09  81348.91
  4 12  8 12 .3786E+09  79279.19
  4 12  9 12 .6275E+08  77500.00
  4 12 10 12 .1277E+07  76049.24
  4 12 11 12 .4967E+05  74988.12
  4 13  0 13 .1419E+09 101945.32
  4 13  1 13 .4046E+08  98278.08
  4 13  2 13 .5306E+08  94837.04
  4 13  3 13 .6285E+08  91622.06
  4 13  4 13 .3455E+08  88634.53
  4 13  5 13 .8806E+08  85878.92
  4 13  6 13 .3862E+08  83363.32
  4 13  7 13 .1807E+09  81100.92
  4 13  8 13 .3783E+09  79110.69
  4 13  9 13 .4835E+08  77421.50
  4 13 10 13 .2602E+07  76077.53
  4 14  0 14 .1407E+09 101197.83
  4 14  1 14 .3863E+08  97599.35
  4 14  2 14 .5340E+08  94226.70
  4 14  3 14 .6130E+08  91080.18
  4 14  4 14 .3405E+08  88161.87
  4 14  5 14 .8846E+08  85477.06
  4 14  6 14 .3402E+08  83035.53
  4 14  7 14 .2017E+09  80852.14
  4 14  8 14 .3752E+09  78949.27
  4 14  9 14 .3336E+08  77359.72
  4 14 10 14 .4102E+07  76137.72
  4 15  0 15 .1394E+09 100422.48
  4 15  1 15 .3669E+08  96896.56
  4 15  2 15 .5374E+08  93595.87
  4 15  3 15 .5967E+08  90521.15
  4 15  4 15 .3344E+08  87675.83
  4 15  5 15 .8895E+08  85066.50
  4 15  6 15 .2885E+08  82704.30
  4 15  7 15 .2274E+09  80606.48
  4 15  8 15 .3676E+09  78798.45
  4 15  9 15 .1887E+08  77320.23
  4 15 10 15 .5103E+07  76241.56
  4 16  0 16 .1379E+09  99623.79
  4 16  1 16 .3466E+08  96173.11
  4 16  2 16 .5405E+08  92947.58
  4 16  3 16 .5797E+08  89948.30
  4 16  4 16 .3269E+08  87179.93
  4 16  5 16 .8955E+08  84650.35
  4 16  6 16 .2313E+08  82372.90
  4 16  7 16 .2590E+09  80366.97
  4 16  8 16 .3531E+09  78663.61
  4 16  9 16 .6830E+07  77310.84
  4 17  0 17 .1363E+09  98803.86
  4 17  1 17 .3254E+08  95431.67
  4 17  2 17 .5433E+08  92284.21
  4 17  3 17 .5621E+08  89363.94
  4 17  4 17 .3177E+08  86676.36
  4 17  5 17 .9025E+08  84231.37
  4 17  6 17 .1695E+08  82044.02
  4 17  7 17 .2980E+09  80137.96
  4 17  8 17 .3282E+09  78549.50
  4 17  9 17 .3140E+06  77341.98
  4 18  0 18 .1345E+09  97965.83
  4 18  1 18 .3034E+08  94674.99
  4 18  2 18 .5454E+08  91608.94
  4 18  3 18 .5440E+08  88770.91
  4 18  4 18 .3064E+08  86168.33
  4 18  5 18 .9100E+08  83812.68
  4 18  6 18 .1059E+08  81721.93
  4 18  7 18 .3457E+09  79923.78
  4 18  8 18 .2882E+09  78463.85
  4 19  0 19 .1324E+09  97112.72
  4 19  1 19 .2808E+08  93905.26
  4 19  2 19 .5467E+08  90923.38
  4 19  3 19 .5255E+08  88171.16
  4 19  4 19 .2925E+08  85657.69
  4 19  5 19 .9172E+08  83396.52
  4 19  6 19 .4665E+07  81409.15
  4 19  7 19 .4036E+09  79729.62
  4 19  8 19 .2271E+09  78416.75
  4 20  0 20 .1301E+09  96246.06
  4 20  1 20 .2577E+08  93125.45
  4 20  2 20 .5467E+08  90230.57
  4 20  3 20 .5067E+08  87567.66
  4 20  4 20 .2756E+08  85147.42
  4 20  5 20 .9221E+08  82986.44
  4 20  6 20 .5651E+06  81110.74
  4 20  7 20 .4713E+09  79562.63
  4 21  0 21 .1275E+09  95368.48
  4 21  1 21 .2341E+08  92336.22
  4 21  2 21 .5452E+08  89531.71
  4 21  3 21 .4877E+08  86961.56
  4 21  4 21 .2552E+08  84639.54
  4 21  5 21 .9210E+08  82585.27
  4 21  6 21 .1199E+07  80830.54
  4 22  0 22 .1245E+09  94480.90
  4 22  1 22 .2101E+08  91540.27
  4 22  2 22 .5417E+08  88828.86
  4 22  3 22 .4684E+08  86355.59
  4 22  4 22 .2308E+08  84137.13
  4 22  5 22 .9072E+08  82197.11
  4 22  6 22 .1276E+08  80576.64
  4 23  0 23 .1211E+09  93585.83
  4 23  1 23 .1859E+08  90738.46
  4 23  2 23 .5357E+08  88123.26
  4 23  3 23 .4489E+08  85751.33
  4 23  4 23 .2019E+08  83642.01
  4 23  5 23 .8673E+08  81825.67
  4 24  0 24 .1170E+09  92682.59
  4 24  1 24 .1614E+08  89931.36
  4 24  2 24 .5264E+08  87416.10
  4 24  3 24 .4287E+08  85150.60
  4 24  4 24 .1687E+08  83157.32
  4 24  5 24 .7771E+08  81477.59
  5  1  0  1 .1036E+09 109241.96
  5  1  1  1 .8441E+08 105086.71
  5  1  2  1 .5333E+07 101166.65
  5  1  3  1 .9289E+08  97476.95
  5  1  4  1 .2146E+07  94014.65
  5  1  5  1 .9231E+08  90778.75
  5  1  6  1 .1372E+08  87770.64
  5  1  7  1 .1134E+09  84994.32
  5  1  8  1 .2797E+08  82457.28
  5  1  9  1 .3769E+09  80170.82
  5  1 10  1 .1746E+09  78151.53
  5  1 11  1 .1776E+07  76422.66
  5  1 12  1 .1156E+07  75016.53
  5  1 13  1 .1344E+06  73978.15
  5  1 14  1 .1218E+05  73369.94
  5  2  0  2 .1035E+09 109097.19
  5  2  1  2 .8408E+08 104953.72
  5  2  2  2 .5385E+07 101045.25
  5  2  3  2 .9269E+08  97366.88
  5  2  4  2 .2129E+07  93915.84
  5  2  5  2 .9211E+08  90691.26
  5  2  6  2 .1386E+08  87694.56
  5  2  7  2 .1128E+09  84930.01
  5  2  8  2 .2918E+08  82405.20
  5  2  9  2 .3794E+09  80131.77
  5  2 10  2 .1717E+09  78126.77
  5  2 11  2 .1432E+07  76413.44
  5  2 12  2 .1144E+07  75025.29
  5  2 13  2 .1484E+06  74008.52
  5  2 14  2 .1490E+05  73428.42
  5  3  0  3 .1033E+09 108881.61
  5  3  1  3 .8359E+08 104755.74
  5  3  2  3 .5465E+07 100864.45
  5  3  3  3 .9238E+08  97203.01
  5  3  4  3 .2101E+07  93768.88
  5  3  5  3 .9180E+08  90561.14
  5  3  6  3 .1407E+08  87581.57
  5  3  7  3 .1119E+09  84834.62
  5  3  8  3 .3107E+08  82328.17
  5  3  9  3 .3831E+09  80074.21
  5  3 10  3 .1671E+09  78090.19
  5  3 11  3 .9853E+06  76400.60
  5  3 12  3 .1116E+07  75039.73
  5  3 13  3 .1687E+06  74055.85
  5  3 14  3 .1858E+05  73519.23
  5  4  0  4 .1032E+09 108597.35
  5  4  1  4 .8292E+08 104494.77
  5  4  2  4 .5576E+07 100626.27
  5  4  3  4 .9197E+08  96987.35
  5  4  4  4 .2063E+07  93575.47
  5  4  5  4 .9139E+08  90390.14
  5  4  6  4 .1436E+08  87433.28
  5  4  7  4 .1107E+09  84709.77
  5  4  8  4 .3371E+08  82227.69
  5  4  9  4 .3880E+09  79999.71
  5  4 10  4 .1610E+09  78043.98
  5  4 11  4 .5189E+06  76386.03
  5  4 12  4 .1060E+07  75061.80
  5  4 13  4 .1935E+06  74122.66
  5  4 14  4 .2031E+05  73648.01
  5  5  0  5 .1030E+09 108246.75
  5  5  1  5 .8208E+08 104173.01
  5  5  2  5 .5719E+07 100332.81
  5  5  3  5 .9146E+08  96721.69
  5  5  4  5 .2012E+07  93337.48
  5  5  5  5 .9087E+08  90179.93
  5  5  6  5 .1471E+08  87251.35
  5  5  7  5 .1092E+09  84556.86
  5  5  8  5 .3723E+08  82105.24
  5  5  9  5 .3940E+09  79909.74
  5  5 10  5 .1531E+09  77989.46
  5  5 11  5 .1448E+06  76371.36
  5  5 12  5 .9581E+06  75093.68
  5  5 13  5 .2172E+06  74212.02
  5  6  0  6 .1027E+09 107833.05
  5  6  1  6 .8107E+08 103793.53
  5  6  2  6 .5900E+07  99986.61
  5  6  3  6 .9084E+08  96408.63
  5  6  4  6 .1949E+07  93057.45
  5  6  5  6 .9026E+08  89933.04
  5  6  6  6 .1513E+08  87038.04
  5  6  7  6 .1074E+09  84378.27
  5  6  8  6 .4180E+08  81963.11
  5  6  9  6 .4010E+09  79806.60
  5  6 10  6 .1433E+09  77929.05
  5  6 11  6 .6181E+03  76359.27
  5  6 12  6 .7978E+06  75138.39
  5  6 13  6 .2288E+06  74328.78
  5  7  0  7 .1024E+09 107359.02
  5  7  1  7 .7987E+08 103359.15
  5  7  2  7 .6121E+07  99590.91
  5  7  3  7 .9011E+08  96051.13
  5  7  4  7 .1872E+07  92737.83
  5  7  5  7 .8955E+08  89651.65
  5  7  6  7 .1564E+08  86795.64
  5  7  7  7 .1051E+09  84176.15
  5  7  8  7 .4763E+08  81803.45
  5  7  9  7 .4090E+09  79692.45
  5  7 10  7 .1314E+09  77865.13
  5  7 11  7 .2414E+06  76352.53
  5  7 12  7 .5738E+06  75199.98
  5  7 13  7 .2090E+06  74479.74
  5  8  0  8 .1021E+09 106829.24
  5  8  1  8 .7849E+08 102873.20
  5  8  2  8 .6387E+07  99148.85
  5  8  3  8 .8927E+08  95652.09
  5  8  4  8 .1781E+07  92381.91
  5  8  5  8 .8873E+08  89338.83
  5  8  6  8 .1622E+08  86527.07
  5  8  7  8 .1023E+09  83953.31
  5  8  8  8 .5504E+08  81628.89
  5  8  9  8 .4176E+09  79570.18
  5  8 10  8 .1173E+09  77800.54
  5  8 11  8 .1020E+07  76354.69
  5  8 12  8 .3076E+06  75282.96
  5  9  0  9 .1017E+09 106246.47
  5  9  1  9 .7693E+08 102340.16
  5  9  2  9 .6700E+07  98663.64
  5  9  3  9 .8831E+08  95214.61
  5  9  4  9 .1679E+07  91992.01
  5  9  5  9 .8781E+08  88997.23
  5  9  6  9 .1690E+08  86234.77
  5  9  7  9 .9904E+08  83712.40
  5  9  8  9 .6444E+08  81442.36
  5  9  9  9 .4264E+09  79442.55
  5  9 10  9 .1010E+09  77739.04
  5  9 11  9 .2445E+07  76369.80
  5  9 12  9 .7194E+05  75393.83
  5 10  0 10 .1013E+09 105615.53
  5 10  1 10 .7518E+08 101762.55
  5 10  2 10 .7065E+07  98138.92
  5 10  3 10 .8724E+08  94742.32
  5 10  4 10 .1565E+07  91571.89
  5 10  5 10 .8677E+08  88630.13
  5 10  6 10 .1768E+08  85921.99
  5 10  7 10 .9512E+08  83456.23
  5 10  8 10 .7637E+08  81246.54
  5 10  9 10 .4349E+09  79312.82
  5 10 10 10 .8261E+08  77683.66
  5 10 11 10 .4500E+07  76402.71
  5 10 12 10 .1147E+05  75541.74
  5 11  0 11 .1009E+09 104939.86
  5 11  1 11 .7323E+08 101144.77
  5 11  2 11 .7484E+07  97578.31
  5 11  3 11 .8604E+08  94238.06
  5 11  4 11 .1442E+07  91124.41
  5 11  5 11 .8560E+08  88240.21
  5 11  6 11 .1859E+08  85591.29
  5 11  7 11 .9046E+08  83187.78
  5 11  8 11 .9158E+08  81044.85
  5 11  9 11 .4421E+09  79184.24
  5 11 10 11 .6240E+08  77639.19
  5 11 11 11 .6908E+07  76459.74
  5 12  0 12 .1004E+09 104223.63
  5 12  1 12 .7109E+08 100490.80
  5 12  2 12 .7960E+07  96985.09
  5 12  3 12 .8470E+08  93705.46
  5 12  4 12 .1314E+07  90652.76
  5 12  5 12 .8429E+08  87830.47
  5 12  6 12 .1966E+08  85245.87
  5 12  7 12 .8488E+08  82909.92
  5 12  8 12 .1111E+09  80840.20
  5 12  9 12 .4466E+09  79061.01
  5 12 10 12 .4141E+08  77610.25
  5 12 11 12 .8918E+07  76549.13
  5 13  0 13 .9980E+08 103470.65
  5 13  1 13 .6876E+08  99803.41
  5 13  2 13 .8496E+07  96362.37
  5 13  3 13 .8322E+08  93147.39
  5 13  4 13 .1184E+07  90159.86
  5 13  5 13 .8281E+08  87404.25
  5 13  6 13 .2091E+08  84888.65
  5 13  7 13 .7823E+08  82626.25
  5 13  8 13 .1361E+09  80636.02
  5 13  9 13 .4458E+09  78946.83
  5 13 10 13 .2151E+08  77602.86
  5 14  0 14 .9915E+08 102685.03
  5 14  1 14 .6622E+08  99086.55
  5 14  2 14 .9091E+07  95713.90
  5 14  3 14 .8159E+08  92567.38
  5 14  4 14 .1055E+07  89649.07
  5 14  5 14 .8114E+08  86964.26
  5 14  6 14 .2237E+08  84522.73
  5 14  7 14 .7027E+08  82339.34
  5 14  8 14 .1686E+09  80436.47
  5 14  9 14 .4364E+09  78846.92
  5 14 10 14 .6055E+07  77624.92
  5 15  0 15 .9841E+08 101869.12
  5 15  1 15 .6350E+08  98343.20
  5 15  2 15 .9747E+07  95042.51
  5 15  3 15 .7980E+08  91967.79
  5 15  4 15 .9308E+06  89122.47
  5 15  5 15 .7926E+08  86513.14
  5 15  6 15 .2411E+08  84150.94
  5 15  7 15 .6079E+08  82053.12
  5 15  8 15 .2108E+09  80245.09
  5 15  9 15 .4128E+09  78766.87
  5 15 10 15 .9868E+04  77688.20
  5 16  0 16 .9756E+08 101027.36
  5 16  1 16 .6058E+08  97576.68
  5 16  2 16 .1046E+08  94351.15
  5 16  3 16 .7783E+08  91351.87
  5 16  4 16 .8150E+06  88583.50
  5 16  5 16 .7711E+08  86053.92
  5 16  6 16 .2614E+08  83776.47
  5 16  7 16 .4960E+08  81770.54
  5 16  8 16 .2655E+09  80067.18
  5 16  9 16 .3674E+09  78714.41
  5 17  0 17 .9658E+08 100161.80
  5 17  1 17 .5746E+08  96789.61
  5 17  2 17 .1123E+08  93642.15
  5 17  3 17 .7567E+08  90721.88
  5 17  4 17 .7108E+06  88034.30
  5 17  5 17 .7465E+08  85589.31
  5 17  6 17 .2852E+08  83401.96
  5 17  7 17 .3667E+08  81495.90
  5 17  8 17 .3358E+09  79907.44
  5 17  9 17 .2905E+09  78699.92
  5 18  0 18 .9542E+08  99275.45
  5 18  1 18 .5415E+08  95984.61
  5 18  2 18 .1205E+08  92918.56
  5 18  3 18 .7331E+08  90080.53
  5 18  4 18 .6208E+06  87477.95
  5 18  5 18 .7181E+08  85122.30
  5 18  6 18 .3123E+08  83031.55
  5 18  7 18 .2247E+08  81233.40
  5 18  8 18 .4234E+09  79773.47
  5 19  0 19 .9404E+08  98371.18
  5 19  1 19 .5063E+08  95163.72
  5 19  2 19 .1291E+08  92181.84
  5 19  3 19 .7072E+08  89429.62
  5 19  4 19 .5471E+06  86916.15
  5 19  5 19 .6850E+08  84654.98
  5 19  6 19 .3417E+08  82667.61
  5 19  7 19 .8710E+07  80988.08
  5 19  8 19 .5238E+09  79675.21
  5 20  0 20 .9238E+08  97450.25
  5 20  1 20 .4690E+08  94329.64
  5 20  2 20 .1380E+08  91434.76
  5 20  3 20 .6786E+08  88771.85
  5 20  4 20 .4913E+06  86351.61
  5 20  5 20 .6462E+08  84190.63
  5 20  6 20 .3705E+08  82314.93
  5 20  7 20 .2097E+06  80766.82
  5 21  0 21 .9035E+08  96514.84
  5 21  1 21 .4294E+08  93482.58
  5 21  2 21 .1470E+08  90678.07
  5 21  3 21 .6468E+08  88107.92
  5 21  4 21 .4549E+06  85785.90
  5 21  5 21 .6003E+08  83731.63
  5 21  6 21 .3910E+08  81976.90
  5 22  0 22 .8782E+08  95565.27
  5 22  1 22 .3874E+08  92624.64
  5 22  2 22 .1557E+08  89913.23
  5 22  3 22 .6111E+08  87439.96
  5 22  4 22 .4388E+06  85221.50
  5 22  5 22 .5457E+08  83281.48
  5 22  6 22 .3856E+08  81661.01
  5 23  0 23 .8461E+08  94603.06
  5 23  1 23 .3426E+08  91755.69
  5 23  2 23 .1639E+08  89140.49
  5 23  3 23 .5705E+08  86768.56
  5 23  4 23 .4440E+06  84659.24
  5 23  5 23 .4812E+08  82842.90
  6  1  0  1 .6966E+08 110893.47
  6  1  1  1 .9391E+08 106738.22
  6  1  2  1 .2446E+07 102818.16
  6  1  3  1 .6063E+08  99128.46
  6  1  4  1 .3778E+08  95666.16
  6  1  5  1 .2267E+08  92430.26
  6  1  6  1 .7541E+08  89422.15
  6  1  7  1 .2934E+07  86645.83
  6  1  8  1 .1147E+09  84108.79
  6  1  9  1 .4129E+07  81822.33
  6  1 10  1 .4061E+09  79803.04
  6  1 11  1 .1855E+09  78074.17
  6  1 12  1 .7738E+06  76668.04
  6  1 13  1 .8475E+06  75629.66
  6  1 14  1 .3781E+06  75021.45
  6  2  0  2 .6962E+08 110742.66
  6  2  1  2 .9359E+08 106599.19
  6  2  2  2 .2388E+07 102690.72
  6  2  3  2 .6059E+08  99012.35
  6  2  4  2 .3759E+08  95561.31
  6  2  5  2 .2263E+08  92336.73
  6  2  6  2 .7531E+08  89340.03
  6  2  7  2 .2816E+07  86575.48
  6  2  8  2 .1145E+09  84050.67
  6  2  9  2 .4823E+07  81777.24
  6  2 10  2 .4108E+09  79772.24
  6  2 11  2 .1803E+09  78058.91
  6  2 12  2 .1142E+07  76670.76
  6  2 13  2 .7024E+06  75653.99
  6  2 14  2 .3341E+06  75073.89
  6  3  0  3 .6956E+08 110518.04
  6  3  1  3 .9310E+08 106392.17
  6  3  2  3 .2302E+07 102500.88
  6  3  3  3 .6052E+08  98839.44
  6  3  4  3 .3731E+08  95405.31
  6  3  5  3 .2258E+08  92197.57
  6  3  6  3 .7514E+08  89218.00
  6  3  7  3 .2643E+07  86471.05
  6  3  8  3 .1141E+09  83964.60
  6  3  9  3 .5984E+07  81710.64
  6  3 10  3 .4178E+09  79726.62
  6  3 11  3 .1724E+09  78037.03
  6  3 12  3 .1816E+07  76676.16
  6  3 13  3 .4971E+06  75692.28
  6  3 14  3 .2585E+06  75155.66
  6  4  0  4 .6949E+08 110221.77
  6  4  1  4 .9245E+08 106119.19
  6  4  2  4 .2187E+07 102250.69
  6  4  3  4 .6043E+08  98611.77
  6  4  4  4 .3694E+08  95199.89
  6  4  5  4 .2250E+08  92014.56
  6  4  6  4 .7491E+08  89057.70
  6  4  7  4 .2422E+07  86334.19
  6  4  8  4 .1136E+09  83852.11
  6  4  9  4 .7763E+07  81624.13
  6  4 10  4 .4269E+09  79668.40
  6  4 11  4 .1615E+09  78010.45
  6  4 12  4 .2923E+07  76686.22
  6  4 13  4 .2615E+06  75747.08
  6  4 14  4 .1459E+06  75272.43
  6  5  0  5 .6941E+08 109856.24
  6  5  1  5 .9162E+08 105782.50
  6  5  2  5 .2045E+07 101942.30
  6  5  3  5 .6032E+08  98331.18
  6  5  4  5 .3645E+08  94946.97
  6  5  5  5 .2242E+08  91789.42
  6  5  6  5 .7461E+08  88860.84
  6  5  7  5 .2159E+07  86166.35
  6  5  8  5 .1129E+09  83714.73
  6  5  9  5 .1038E+08  81519.23
  6  5 10  5 .4381E+09  79598.95
  6  5 11  5 .1477E+09  77980.85
  6  5 12  5 .4592E+07  76703.17
  6  5 13  5 .6051E+05  75821.51
  6  6  0  6 .6931E+08 109424.71
  6  6  1  6 .9062E+08 105385.19
  6  6  2  6 .1876E+07 101578.27
  6  6  3  6 .6020E+08  98000.29
  6  6  4  6 .3586E+08  94649.11
  6  6  5  6 .2233E+08  91524.70
  6  6  6  6 .7424E+08  88629.70
  6  6  7  6 .1862E+07  85969.93
  6  6  8  6 .1118E+09  83554.77
  6  6  9  6 .1417E+08  81398.26
  6  6 10  6 .4512E+09  79520.71
  6  6 11  6 .1306E+09  77950.93
  6  6 12  6 .6897E+07  76730.05
  6  6 13  6 .9465E+04  75920.44
  6  7  0  7 .6920E+08 108930.00
  6  7  1  7 .8944E+08 104930.13
  6  7  2  7 .1685E+07 101161.89
  6  7  3  7 .6005E+08  97622.11
  6  7  4  7 .3516E+08  94308.81
  6  7  5  7 .2223E+08  91222.63
  6  7  6  7 .7379E+08  88366.62
  6  7  7  7 .1540E+07  85747.13
  6  7  8  7 .1104E+09  83374.43
  6  7  9  7 .1956E+08  81263.43
  6  7 10  7 .4655E+09  79436.11
  6  7 11  7 .1105E+09  77923.51
  6  7 12  7 .9764E+07  76770.96
  6  7 13  7 .2550E+06  76050.72
  6  8  0  8 .6907E+08 108376.73
  6  8  1  8 .8808E+08 104420.69
  6  8  2  8 .1474E+07 100696.34
  6  8  3  8 .5989E+08  97199.58
  6  8  4  8 .3434E+08  93929.40
  6  8  5  8 .2213E+08  90886.32
  6  8  6  8 .7325E+08  88074.56
  6  8  7  8 .1206E+07  85500.80
  6  8  8  8 .1085E+09  83176.38
  6  8  9  8 .2717E+08  81117.67
  6  8 10  8 .4804E+09  79348.03
  6  8 11  8 .8740E+08  77902.18
  6  8 12  8 .1281E+08  76830.45
  6  9  0  9 .6893E+08 107767.71
  6  9  1  9 .8652E+08 103861.40
  6  9  2  9 .1248E+07 100184.88
  6  9  3  9 .5971E+08  96735.85
  6  9  4  9 .3341E+08  93513.25
  6  9  5  9 .2203E+08  90518.47
  6  9  6  9 .7263E+08  87756.01
  6  9  7  9 .8723E+06  85233.64
  6  9  8  9 .1060E+09  82963.60
  6  9  9  9 .3786E+08  80963.79
  6  9 10  9 .4946E+09  79260.28
  6  9 11  9 .6237E+08  77891.04
  6  9 12  9 .1515E+08  76915.07
  6 10  0 10 .6878E+08 107107.77
  6 10  1 10 .8477E+08 103254.79
  6 10  2 10 .1015E+07  99631.16
  6 10  3 10 .5949E+08  96234.56
  6 10  4 10 .3236E+08  93064.13
  6 10  5 10 .2191E+08  90122.37
  6 10  6 10 .7190E+08  87414.23
  6 10  7 10 .5569E+06  84948.47
  6 10  8 10 .1025E+09  82738.78
  6 10  9 10 .5284E+08  80805.06
  6 10 10 10 .5060E+09  79175.90
  6 10 11 10 .3716E+08  77894.95
  6 10 12 10 .1514E+08  77033.98
  6 11  0 11 .6860E+08 106400.39
  6 11  1 11 .8281E+08 102605.30
  6 11  2 11 .7824E+06  99038.84
  6 11  3 11 .5924E+08  95698.59
  6 11  4 11 .3120E+08  92584.94
  6 11  5 11 .2177E+08  89700.74
  6 11  6 11 .7108E+08  87051.82
  6 11  7 11 .2833E+06  84648.31
  6 11  8 11 .9802E+08  82505.38
  6 11  9 11 .7377E+08  80644.77
  6 11 10 11 .5113E+09  79099.72
  6 11 11 11 .1513E+08  77920.27
  6 12  0 12 .6839E+08 105649.76
  6 12  1 12 .8063E+08 101916.93
  6 12  2 12 .5595E+06  98411.22
  6 12  3 12 .5893E+08  95131.59
  6 12  4 12 .2994E+08  92078.89
  6 12  5 12 .2161E+08  89256.60
  6 12  6 12 .7015E+08  86672.00
  6 12  7 12 .8328E+05  84336.05
  6 12  8 12 .9202E+08  82266.33
  6 12  9 12 .1030E+09  80487.14
  6 12 10 12 .5052E+09  79036.38
  6 12 11 12 .1562E+07  77975.26
  6 13  0 13 .6813E+08 104859.69
  6 13  1 13 .7823E+08 101192.45
  6 13  2 13 .3575E+06  97751.41
  6 13  3 13 .5855E+08  94536.43
  6 13  4 13 .2857E+08  91548.90
  6 13  5 13 .2141E+08  88793.29
  6 13  6 13 .6910E+08  86277.69
  6 13  7 13 .1301E+03  84015.29
  6 13  8 13 .8413E+08  82025.06
  6 13  9 13 .1436E+09  80335.87
  6 13 10 13 .4799E+09  78991.90
  6 14  0 14 .6782E+08 104034.25
  6 14  1 14 .7559E+08 100435.77
  6 14  2 14 .1884E+06  97063.12
  6 14  3 14 .5808E+08  93916.60
  6 14  4 14 .2710E+08  90998.29
  6 14  5 14 .2115E+08  88313.48
  6 14  6 14 .6791E+08  85871.95
  6 14  7 14 .9191E+05  83688.56
  6 14  8 14 .7380E+08  81785.69
  6 14  9 14 .1998E+09  80196.14
  6 14 10 14 .4242E+09  78974.14
  6 15  0 15 .6743E+08 103175.71
  6 15  1 15 .7269E+08  99649.79
  6 15  2 15 .6590E+05  96349.10
  6 15  3 15 .5749E+08  93274.38
  6 15  4 15 .2555E+08  90429.06
  6 15  5 15 .2081E+08  87819.73
  6 15  6 15 .6655E+08  85457.53
  6 15  7 15 .4334E+06  83359.71
  6 15  8 15 .6053E+08  81551.68
  6 15  9 15 .2762E+09  80073.46
  6 15 10 15 .3241E+09  78994.79
  6 16  0 16 .6693E+08 102288.40
  6 16  1 16 .6950E+08  98837.72
  6 16  2 16 .4335E+04  95612.19
  6 16  3 16 .5675E+08  92612.91
  6 16  4 16 .2391E+08  89844.54
  6 16  5 16 .2038E+08  87314.96
  6 16  6 16 .6499E+08  85037.51
  6 16  7 16 .1113E+07  83031.58
  6 16  8 16 .4399E+08  81328.22
  6 16  9 16 .3764E+09  79975.45
  6 17  0 17 .6629E+08 101374.14
  6 17  1 17 .6602E+08  98001.95
  6 17  2 17 .1913E+05  94854.49
  6 17  3 17 .5581E+08  91934.22
  6 17  4 17 .2220E+08  89246.64
  6 17  5 17 .1981E+08  86801.65
  6 17  6 17 .6316E+08  84614.30
  6 17  7 17 .2215E+07  82708.24
  6 17  8 17 .2484E+08  81119.78
  6 17  9 17 .4958E+09  79912.26
  6 18  0 18 .6545E+08 100435.64
  6 18  1 18 .6220E+08  97144.80
  6 18  2 18 .1264E+06  94078.75
  6 18  3 18 .5464E+08  91240.72
  6 18  4 18 .2041E+08  88638.14
  6 18  5 18 .1909E+08  86282.49
  6 18  6 18 .6098E+08  84191.74
  6 18  7 18 .3761E+07  82393.59
  6 18  8 18 .6596E+07  80933.66
  6 19  0 19 .6436E+08  99475.32
  6 19  1 19 .5802E+08  96267.86
  6 19  2 19 .3424E+06  93285.98
  6 19  3 19 .5316E+08  90533.76
  6 19  4 19 .1855E+08  88020.29
  6 19  5 19 .1818E+08  85759.12
  6 19  6 19 .5833E+08  83771.75
  6 19  7 19 .5563E+07  82092.22
  6 19  8 19 .1120E+07  80779.35
  6 20  0 20 .6290E+08  98493.80
  6 20  1 20 .5340E+08  95373.19
  6 20  2 20 .6831E+06  92478.31
  6 20  3 20 .5129E+08  89815.40
  6 20  4 20 .1662E+08  87395.16
  6 20  5 20 .1704E+08  85234.18
  6 20  6 20 .5502E+08  83358.48
  6 20  7 20 .6871E+07  81810.37
  6 21  0 21 .6092E+08  97492.26
  6 21  1 21 .4828E+08  94460.00
  6 21  2 21 .1162E+07  91655.49
  6 21  3 21 .4890E+08  89085.34
  6 21  4 21 .1460E+08  86763.32
  6 21  5 21 .1564E+08  84709.05
  6 21  6 21 .5086E+08  82954.32
  7  1  0  1 .4623E+08 112412.59
  7  1  1  1 .8759E+08 108257.34
  7  1  2  1 .1736E+08 104337.28
  7  1  3  1 .2427E+08 100647.58
  7  1  4  1 .6004E+08  97185.28
  7  1  5  1 .1438E+06  93949.38
  7  1  6  1 .6044E+08  90941.27
  7  1  7  1 .2612E+08  88164.95
  7  1  8  1 .3046E+08  85627.91
  7  1  9  1 .8434E+08  83341.45
  7  1 10  1 .1670E+06  81322.16
  7  1 11  1 .4682E+09  79593.29
  7  1 12  1 .1441E+09  78187.16
  7  1 13  1 .1777E+08  77148.78
  7  1 14  1 .9904E+06  76540.57
  7  2  0  2 .4622E+08 112255.57
  7  2  1  2 .8731E+08 108112.10
  7  2  2  2 .1717E+08 104203.63
  7  2  3  2 .2434E+08 100525.26
  7  2  4  2 .5979E+08  97074.22
  7  2  5  2 .1366E+06  93849.64
  7  2  6  2 .6025E+08  90852.94
  7  2  7  2 .2619E+08  88088.39
  7  2  8  2 .2997E+08  85563.58
  7  2  9  2 .8460E+08  83290.15
  7  2 10  2 .4131E+06  81285.15
  7  2 11  2 .4755E+09  79571.82
  7  2 12  2 .1354E+09  78183.67
  7  2 13  2 .1906E+08  77166.90
  7  2 14  2 .1284E+07  76586.80
  7  3  0  3 .4621E+08 112021.66
  7  3  1  3 .8690E+08 107895.79
  7  3  2  3 .1688E+08 104004.50
  7  3  3  3 .2444E+08 100343.06
  7  3  4  3 .5941E+08  96908.93
  7  3  5  3 .1259E+06  93701.19
  7  3  6  3 .5997E+08  90721.62
  7  3  7  3 .2629E+08  87974.67
  7  3  8  3 .2924E+08  85468.22
  7  3  9  3 .8493E+08  83214.26
  7  3 10  3 .1002E+07  81230.24
  7  3 11  3 .4860E+09  79540.65
  7  3 12  3 .1225E+09  78179.78
  7  3 13  3 .2080E+08  77195.90
  7  3 14  3 .1697E+07  76659.28
  7  4  0  4 .4620E+08 111713.04
  7  4  1  4 .8634E+08 107610.46
  7  4  2  4 .1649E+08 103741.96
  7  4  3  4 .2459E+08 100103.04
  7  4  4  4 .5890E+08  96691.16
  7  4  5  4 .1117E+06  93505.83
  7  4  6  4 .5959E+08  90548.97
  7  4  7  4 .2641E+08  87825.46
  7  4  8  4 .2828E+08  85343.38
  7  4  9  4 .8530E+08  83115.40
  7  4 10  4 .2229E+07  81159.67
  7  4 11  4 .4996E+09  79501.72
  7  4 12  4 .1053E+09  78177.49
  7  4 13  4 .2268E+08  77238.35
  7  4 14  4 .1944E+07  76763.70
  7  5  0  5 .4618E+08 111332.11
  7  5  1  5 .8563E+08 107258.37
  7  5  2  5 .1600E+08 103418.17
  7  5  3  5 .2478E+08  99807.05
  7  5  4  5 .5826E+08  96422.84
  7  5  5  5 .9449E+05  93265.29
  7  5  6  5 .5912E+08  90336.71
  7  5  7  5 .2655E+08  87642.22
  7  5  8  5 .2708E+08  85190.60
  7  5  9  5 .8561E+08  82995.10
  7  5 10  5 .4540E+07  81074.82
  7  5 11  5 .5155E+09  79456.72
  7  5 12  5 .8453E+08  78179.04
  7  5 13  5 .2403E+08  77297.38
  7  6  0  6 .4616E+08 110882.19
  7  6  1  6 .8477E+08 106842.67
  7  6  2  6 .1541E+08 103035.75
  7  6  3  6 .2501E+08  99457.77
  7  6  4  6 .5747E+08  96106.59
  7  6  5  6 .7493E+05  92982.18
  7  6  6  6 .5856E+08  90087.18
  7  6  7  6 .2671E+08  87427.41
  7  6  8  6 .2565E+08  85012.25
  7  6  9  6 .8576E+08  82855.74
  7  6 10  6 .8595E+07  80978.19
  7  6 11  6 .5327E+09  79408.41
  7  6 12  6 .6104E+08  78187.53
  7  6 13  6 .2377E+08  77377.92
  7  7  0  7 .4615E+08 110366.10
  7  7  1  7 .8375E+08 106366.23
  7  7  2  7 .1472E+08 102597.99
  7  7  3  7 .2529E+08  99058.21
  7  7  4  7 .5654E+08  95744.91
  7  7  5  7 .5416E+05  92658.73
  7  7  6  7 .5790E+08  89802.72
  7  7  7  7 .2688E+08  87183.23
  7  7  8  7 .2399E+08  84810.53
  7  7  9  7 .8559E+08  82699.53
  7  7 10  7 .1535E+08  80872.21
  7  7 11  7 .5492E+09  79359.61
  7  7 12  7 .3684E+08  78207.06
  7  7 13  7 .2035E+08  77486.82
  7  8  0  8 .4612E+08 109788.50
  7  8  1  8 .8257E+08 105832.46
  7  8  2  8 .1393E+08 102108.11
  7  8  3  8 .2562E+08  98611.35
  7  8  4  8 .5546E+08  95341.17
  7  8  5  8 .3383E+05  92298.09
  7  8  6  8 .5713E+08  89486.33
  7  8  7  8 .2706E+08  86912.57
  7  8  8  8 .2212E+08  84588.15
  7  8  9  8 .8489E+08  82529.44
  7  8 10  8 .2621E+08  80759.80
  7  8 11  8 .5621E+09  79313.95
  7  8 12  8 .1535E+08  78242.22
  7  9  0  9 .4610E+08 109152.19
  7  9  1  9 .8120E+08 105245.88
  7  9  2  9 .1304E+08 101569.36
  7  9  3  9 .2600E+08  98120.33
  7  9  4  9 .5421E+08  94897.73
  7  9  5  9 .1615E+05  91902.95
  7  9  6  9 .5626E+08  89140.49
  7  9  7  9 .2724E+08  86618.12
  7  9  8  9 .2004E+08  84348.08
  7  9  9  9 .8337E+08  82348.27
  7  9 10  9 .4314E+08  80644.76
  7  9 11  9 .5665E+09  79275.52
  7  9 12  9 .1788E+07  78299.55
  7 10  0 10 .4606E+08 108462.03
  7 10  1 10 .7965E+08 104609.05
  7 10  2 10 .1207E+08 100985.42
  7 10  3 10 .2642E+08  97588.82
  7 10  4 10 .5280E+08  94418.39
  7 10  5 10 .3851E+04  91476.63
  7 10  6 10 .5528E+08  88768.49
  7 10  7 10 .2743E+08  86302.73
  7 10  8 10 .1775E+08  84093.04
  7 10  9 10 .8063E+08  82159.32
  7 10 10 10 .6901E+08  80530.16
  7 10 11 10 .5548E+09  79249.21
  7 10 12 10 .2514E+07  78388.24
  7 11  0 11 .4600E+08 107721.45
  7 11  1 11 .7789E+08 103926.36
  7 11  2 11 .1103E+08 100359.90
  7 11  3 11 .2688E+08  97019.65
  7 11  4 11 .5121E+08  93906.00
  7 11  5 11 .1217E+03  91021.80
  7 11  6 11 .5416E+08  88372.88
  7 11  7 11 .2763E+08  85969.37
  7 11  8 11 .1529E+08  83826.44
  7 11  9 11 .7613E+08  81965.83
  7 11 10 11 .1078E+09  80420.78
  7 11 11 11 .5160E+09  79241.33
  7 12  0 12 .4592E+08 106934.60
  7 12  1 12 .7591E+08 103201.77
  7 12  2 12 .9910E+07  99696.06
  7 12  3 12 .2737E+08  96416.43
  7 12  4 12 .4943E+08  93363.73
  7 12  5 12 .8438E+04  90541.44
  7 12  6 12 .5289E+08  87956.84
  7 12  7 12 .2783E+08  85620.89
  7 12  8 12 .1269E+08  83551.17
  7 12  9 12 .6919E+08  81771.98
  7 12 10 12 .1646E+09  80321.22
  7 12 11 12 .4354E+09  79260.10
  7 13  0 13 .4579E+08 106105.19
  7 13  1 13 .7368E+08 102437.95
  7 13  2 13 .8740E+07  98996.91
  7 13  3 13 .2787E+08  95781.93
  7 13  4 13 .4746E+08  92794.40
  7 13  5 13 .3234E+05  90038.79
  7 13  6 13 .5146E+08  87523.19
  7 13  7 13 .2803E+08  85260.79
  7 13  8 13 .1002E+08  83270.56
  7 13  9 13 .5899E+08  81581.37
  7 13 10 13 .2456E+09  80237.40
  7 14  0 14 .4561E+08 105237.17
  7 14  1 14 .7117E+08 101638.69
  7 14  2 14 .7533E+07  98266.04
  7 14  3 14 .2836E+08  95119.52
  7 14  4 14 .4528E+08  92201.21
  7 14  5 14 .7516E+05  89516.40
  7 14  6 14 .4984E+08  87074.87
  7 14  7 14 .2823E+08  84891.48
  7 14  8 14 .7380E+07  82988.61
  7 14  9 14 .4480E+08  81399.06
  7 14 10 14 .3546E+09  80177.06
  7 15  0 15 .4534E+08 104332.58
  7 15  1 15 .6835E+08 100806.66
  7 15  2 15 .6308E+07  97505.97
  7 15  3 15 .2883E+08  94431.25
  7 15  4 15 .4287E+08  91585.93
  7 15  5 15 .1397E+06  88976.60
  7 15  6 15 .4798E+08  86614.40
  7 15  7 15 .2839E+08  84516.58
  7 15  8 15 .4918E+07  82708.55
  7 15  9 15 .2672E+08  81230.33
  7 15 10 15 .4822E+09  80151.66
  7 16  0 16 .4495E+08 103395.46
  7 16  1 16 .6515E+08  99944.78
  7 16  2 16 .5090E+07  96719.25
  7 16  3 16 .2922E+08  93719.97
  7 16  4 16 .4021E+08  90951.60
  7 16  5 16 .2281E+06  88422.02
  7 16  6 16 .4585E+08  86144.57
  7 16  7 16 .2849E+08  84138.64
  7 16  8 16 .2837E+07  82435.28
  7 16  9 16 .7860E+07  81082.51
  7 17  0 17 .4436E+08 102427.16
  7 17  1 17 .6153E+08  99054.97
  7 17  2 17 .3906E+07  95907.51
  7 17  3 17 .2950E+08  92987.24
  7 17  4 17 .3728E+08  90299.66
  7 17  5 17 .3416E+06  87854.67
  7 17  6 17 .4338E+08  85667.32
  7 17  7 17 .2845E+08  83761.26
  7 17  8 17 .1354E+07  82172.80
  7 17  9 17 .8382E+06  80965.28
  7 18  0 18 .4352E+08 101429.70
  7 18  1 18 .5740E+08  98138.86
  7 18  2 18 .2792E+07  95072.81
  7 18  3 18 .2957E+08  92234.78
  7 18  4 18 .3404E+08  89632.20
  7 18  5 18 .4800E+06  87276.55
  7 18  6 18 .4051E+08  85185.80
  7 18  7 18 .2819E+08  83387.65
  7 18  8 18 .6142E+06  81927.72
  7 19  0 19 .4228E+08 100404.46
  7 19  1 19 .5264E+08  97197.00
  7 19  2 19 .1789E+07  94215.12
  7 19  3 19 .2934E+08  91462.90
  7 19  4 19 .3045E+08  88949.43
  7 19  5 19 .6422E+06  86688.26
  7 19  6 19 .3715E+08  84700.89
  7 19  7 19 .2758E+08  83021.36
  7 19  8 19 .8103E+06  81708.49
  8  1  0  1 .3059E+08 113794.94
  8  1  1  1 .7400E+08 109639.69
  8  1  2  1 .3199E+08 105719.63
  8  1  3  1 .4671E+07 102029.93
  8  1  4  1 .5368E+08  98567.63
  8  1  5  1 .1505E+08  95331.73
  8  1  6  1 .1963E+08  92323.62
  8  1  7  1 .5441E+08  89547.30
  8  1  8  1 .7293E+06  87010.26
  8  1  9  1 .5360E+08  84723.80
  8  1 10  1 .4925E+08  82704.51
  8  1 11  1 .9340E+06  80975.64
  8  1 12  1 .5739E+09  79569.51
  8  1 13  1 .3666E+08  78531.13
  8  1 14  1 .2490E+08  77922.92
  8  2  0  2 .3059E+08 113631.45
  8  2  1  2 .7377E+08 109487.98
  8  2  2  2 .3170E+08 105579.51
  8  2  3  2 .4743E+07 101901.14
  8  2  4  2 .5352E+08  98450.10
  8  2  5  2 .1489E+08  95225.52
  8  2  6  2 .1961E+08  92228.82
  8  2  7  2 .5421E+08  89464.27
  8  2  8  2 .7699E+06  86939.46
  8  2  9  2 .5294E+08  84666.03
  8  2 10  2 .4974E+08  82661.03
  8  2 11  2 .1726E+07  80947.70
  8  2 12  2 .5810E+09  79559.55
  8  2 13  2 .2881E+08  78542.78
  8  2 14  2 .2177E+08  77962.68
  8  3  0  3 .3060E+08 113387.85
  8  3  1  3 .7344E+08 109261.98
  8  3  2  3 .3126E+08 105370.69
  8  3  3  3 .4854E+07 101709.25
  8  3  4  3 .5327E+08  98275.12
  8  3  5  3 .1464E+08  95067.38
  8  3  6  3 .1958E+08  92087.81
  8  3  7  3 .5391E+08  89340.86
  8  3  8  3 .8321E+06  86834.41
  8  3  9  3 .5195E+08  84580.45
  8  3 10  3 .5043E+08  82596.43
  8  3 11  3 .3418E+07  80906.84
  8  3 12  3 .5904E+09  79545.97
  8  3 13  3 .1862E+08  78562.09
  8  3 14  3 .1664E+08  78025.47
  8  4  0  4 .3060E+08 113066.32
  8  4  1  4 .7298E+08 108963.74
  8  4  2  4 .3066E+08 105095.24
  8  4  3  4 .5007E+07 101456.32
  8  4  4  4 .5294E+08  98044.44
  8  4  5  4 .1432E+08  94859.11
  8  4  6  4 .1955E+08  91902.25
  8  4  7  4 .5351E+08  89178.74
  8  4  8  4 .9176E+06  86696.66
  8  4  9  4 .5060E+08  84468.68
  8  4 10  4 .5122E+08  82512.95
  8  4 11  4 .6698E+07  80855.00
  8  4 12  4 .6002E+09  79530.77
  8  4 13  4 .8266E+07  78591.63
  8  4 14  4 .9304E+07  78116.98
  8  5  0  5 .3061E+08 112669.28
  8  5  1  5 .7240E+08 108595.54
  8  5  2  5 .2991E+08 104755.34
  8  5  3  5 .5206E+07 101144.22
  8  5  4  5 .5253E+08  97760.01
  8  5  5  5 .1391E+08  94602.46
  8  5  6  5 .1951E+08  91673.88
  8  5  7  5 .5299E+08  88979.39
  8  5  8  5 .1029E+07  86527.77
  8  5  9  5 .4890E+08  84332.27
  8  5 10  5 .5200E+08  82411.99
  8  5 11  5 .1264E+08  80793.89
  8  5 12  5 .6076E+09  79516.21
  8  5 13  5 .1084E+07  78634.55
  8  6  0  6 .3062E+08 112200.04
  8  6  1  6 .7170E+08 108160.52
  8  6  2  6 .2900E+08 104353.60
  8  6  3  6 .5454E+07 100775.62
  8  6  4  6 .5201E+08  97424.44
  8  6  5  6 .1341E+08  94300.03
  8  6  6  6 .1948E+08  91405.03
  8  6  7  6 .5236E+08  88745.26
  8  6  8  6 .1168E+07  86330.10
  8  6  9  6 .4683E+08  84173.59
  8  6 10  6 .5258E+08  82296.04
  8  6 11  6 .2286E+08  80726.26
  8  6 12  6 .6079E+09  79505.38
  8  6 13  6 .1328E+07  78695.77
  8  7  0  7 .3064E+08 111661.44
  8  7  1  7 .7085E+08 107661.57
  8  7  2  7 .2794E+08 103893.33
  8  7  3  7 .5756E+07 100353.55
  8  7  4  7 .5140E+08  97040.25
  8  7  5  7 .1282E+08  93954.07
  8  7  6  7 .1944E+08  91098.06
  8  7  7  7 .5160E+08  88478.57
  8  7  8  7 .1340E+07  86105.87
  8  7  9  7 .4437E+08  83994.87
  8  7 10  7 .5271E+08  82167.55
  8  7 11  7 .3974E+08  80654.95
  8  7 12  7 .5940E+09  79502.40
  8  7 13  7 .1253E+08  78782.16
  8  8  0  8 .3065E+08 111058.11
  8  8  1  8 .6985E+08 107102.07
  8  8  2  8 .2671E+08 103377.72
  8  8  3  8 .6120E+07  99880.96
  8  8  4  8 .5067E+08  96610.78
  8  8  5  8 .1214E+08  93567.70
  8  8  6  8 .1940E+08  90755.94
  8  8  7  8 .5070E+08  88182.18
  8  8  8  8 .1549E+07  85857.76
  8  8  9  8 .4152E+08  83799.05
  8  8 10  8 .5199E+08  82029.41
  8  8 11  8 .6666E+08  80583.56
  8  8 12  8 .5556E+09  79511.83
  8  9  0  9 .3081E+08 110392.83
  8  9  1  9 .6828E+08 106486.52
  8  9  2  9 .2559E+08 102810.00
  8  9  3  9 .6646E+07  99360.97
  8  9  4  9 .4966E+08  96138.37
  8  9  5  9 .1141E+08  93143.59
  8  9  6  9 .1937E+08  90381.13
  8  9  7  9 .4966E+08  87858.76
  8  9  8  9 .1801E+07  85588.72
  8  9  9  9 .3825E+08  83588.91
  8  9 10  9 .4990E+08  81885.40
  8  9 11  9 .1083E+09  80516.16
  8  9 12  9 .4795E+09  79540.19
  8 10  0 10 .3063E+08 109670.37
  8 10  1 10 .6739E+08 105817.39
  8 10  2 10 .2376E+08 102193.76
  8 10  3 10 .7025E+07  98797.16
  8 10  4 10 .4883E+08  95626.73
  8 10  5 10 .1053E+08  92684.97
  8 10  6 10 .1930E+08  89976.83
  8 10  7 10 .4847E+08  87511.07
  8 10  8 10 .2104E+07  85301.38
  8 10  9 10 .3459E+08  83367.66
  8 10 10 10 .4574E+08  81738.50
  8 10 11 10 .1705E+09  80457.55
  8 10 12 10 .3521E+09  79596.58
  8 11  0 11 .3060E+08 108894.10
  8 11  1 11 .6582E+08 105099.01
  8 11  2 11 .2206E+08 101532.55
  8 11  3 11 .7589E+07  98192.30
  8 11  4 11 .4765E+08  95078.65
  8 11  5 11 .9612E+07  92194.45
  8 11  6 11 .1922E+08  89545.53
  8 11  7 11 .4710E+08  87142.02
  8 11  8 11 .2466E+07  84999.09
  8 11  9 11 .3054E+08  83138.48
  8 11 10 11 .3867E+08  81593.43
  8 11 11 11 .2591E+09  80413.98
  8 12  0 12 .3053E+08 108067.97
  8 12  1 12 .6401E+08 104335.14
  8 12  2 12 .2022E+08 100829.43
  8 12  3 12 .8220E+07  97549.80
  8 12  4 12 .4628E+08  94497.10
  8 12  5 12 .8625E+07  91674.81
  8 12  6 12 .1911E+08  89090.21
  8 12  7 12 .4554E+08  86754.26
  8 12  8 12 .2897E+07  84684.54
  8 12  9 12 .2620E+08  82905.35
  8 12 10 12 .2802E+08  81454.59
  8 12 11 12 .3739E+09  80393.47
  8 13  0 13 .3040E+08 107195.48
  8 13  1 13 .6193E+08 103528.24
  8 13  2 13 .1824E+08 100087.20
  8 13  3 13 .8917E+07  96872.22
  8 13  4 13 .4467E+08  93884.69
  8 13  5 13 .7583E+07  91129.08
  8 13  6 13 .1894E+08  88613.48
  8 13  7 13 .4376E+08  86351.08
  8 13  8 13 .3405E+07  84360.85
  8 13  9 13 .2172E+08  82671.66
  8 13 10 13 .1421E+08  81327.69
  8 14  0 14 .3019E+08 106280.23
  8 14  1 14 .5950E+08 102681.75
  8 14  2 14 .1613E+08  99309.10
  8 14  3 14 .9672E+07  96162.58
  8 14  4 14 .4278E+08  93244.27
  8 14  5 14 .6501E+07  90559.46
  8 14  6 14 .1871E+08  88117.93
  8 14  7 14 .4173E+08  85934.54
  8 14  8 14 .3999E+07  84031.67
  8 14  9 14 .1738E+08  82442.12
  8 14 10 14 .1674E+07  81220.12
  8 15  0 15 .2985E+08 105323.79
  8 15  1 15 .5667E+08 101797.87
  8 15  2 15 .1392E+08  98497.18
  8 15  3 15 .1047E+08  95422.46
  8 15  4 15 .4056E+08  92577.14
  8 15  5 15 .5396E+07  89967.81
  8 15  6 15 .1836E+08  87605.61
  8 15  7 15 .3941E+08  85507.79
  8 15  8 15 .4677E+07  83699.76
  8 15  9 15 .1369E+08  82221.54
  8 15 10 15 .7358E+07  81142.87
  8 16  0 16 .2933E+08 104329.50
  8 16  1 16 .5333E+08 100878.82
  8 16  2 16 .1163E+08  97653.29
  8 16  3 16 .1127E+08  94654.01
  8 16  4 16 .3793E+08  91885.64
  8 16  5 16 .4291E+07  89356.06
  8 16  6 16 .1787E+08  87078.61
  8 16  7 16 .3674E+08  85072.68
  8 16  8 16 .5431E+07  83369.32
  8 16  9 16 .1158E+08  82016.55
  8 17  0 17 .2849E+08 103297.62
  8 17  1 17 .4932E+08  99925.43
  8 17  2 17 .9291E+07  96777.97
  8 17  3 17 .1201E+08  93857.70
  8 17  4 17 .3477E+08  91170.12
  8 17  5 17 .3209E+07  88725.13
  8 17  6 17 .1716E+08  86537.78
  8 17  7 17 .3359E+08  84631.72
  8 17  8 17 .6242E+07  83043.26
  8 17  9 17 .1373E+08  81835.74
  9  1  0  1 .1880E+08 115033.54
  9  1  1  1 .6116E+08 110878.29
  9  1  2  1 .3960E+08 106958.23
  9  1  3  1 .1164E+05 103268.53
  9  1  4  1 .3289E+08  99806.23
  9  1  5  1 .3260E+08  96570.33
  9  1  6  1 .1189E+07  93562.22
  9  1  7  1 .4270E+08  90785.90
  9  1  8  1 .2185E+08  88248.86
  9  1  9  1 .6942E+07  85962.40
  9  1 10  1 .5506E+08  83943.11
  9  1 11  1 .2274E+08  82214.24
  9  1 12  1 .2148E+08  80808.11
  9  1 13  1 .6166E+09  79769.73
  9  1 14  1 .2603E+08  79161.52
  9  2  0  2 .2017E+08 114863.17
  9  2  1  2 .5872E+08 110719.70
  9  2  2  2 .3933E+08 106811.23
  9  2  3  2 .9528E+02 103132.86
  9  2  4  2 .3510E+08  99681.82
  9  2  5  2 .3070E+08  96457.24
  9  2  6  2 .1069E+07  93460.54
  9  2  7  2 .4280E+08  90695.99
  9  2  8  2 .2177E+08  88171.18
  9  2  9  2 .6742E+07  85897.75
  9  2 10  2 .5452E+08  83892.75
  9  2 11  2 .2306E+08  82179.42
  9  2 12  2 .2679E+08  80791.27
  9  2 13  2 .6068E+09  79774.50
  9  2 14  2 .3257E+08  79194.40
  9  3  0  3 .2023E+08 114609.25
  9  3  1  3 .5836E+08 110483.38
  9  3  2  3 .3880E+08 106592.09
  9  3  3  3 .5608E+03 102930.65
  9  3  4  3 .3513E+08  99496.52
  9  3  5  3 .3021E+08  96288.78
  9  3  6  3 .1107E+07  93309.21
  9  3  7  3 .4251E+08  90562.26
  9  3  8  3 .2169E+08  88055.81
  9  3  9  3 .6440E+07  85801.85
  9  3 10  3 .5367E+08  83817.83
  9  3 11  3 .2344E+08  82128.24
  9  3 12  3 .3609E+08  80767.37
  9  3 13  3 .5872E+09  79783.49
  9  3 14  3 .4102E+08  79246.87
  9  4  0  4 .2025E+08 114273.93
  9  4  1  4 .5796E+08 110171.35
  9  4  2  4 .3808E+08 106302.85
  9  4  3  4 .5462E+04 102663.93
  9  4  4  4 .3508E+08  99252.05
  9  4  5  4 .2961E+08  96066.72
  9  4  6  4 .1165E+07  93109.86
  9  4  7  4 .4212E+08  90386.35
  9  4  8  4 .2156E+08  87904.27
  9  4  9  4 .6048E+07  85676.29
  9  4 10  4 .5249E+08  83720.56
  9  4 11  4 .2375E+08  82062.61
  9  4 12  4 .5120E+08  80738.38
  9  4 13  4 .5525E+09  79799.24
  9  4 14  4 .4426E+08  79324.59
  9  5  0  5 .2026E+08 113859.63
  9  5  1  5 .5746E+08 109785.89
  9  5  2  5 .3717E+08 105945.69
  9  5  3  5 .1932E+05 102334.57
  9  5  4  5 .3500E+08  98950.36
  9  5  5  5 .2886E+08  95792.81
  9  5  6  5 .1243E+07  92864.23
  9  5  7  5 .4162E+08  90169.74
  9  5  8  5 .2139E+08  87718.12
  9  5  9  5 .5576E+07  85522.62
  9  5 10  5 .5094E+08  83602.34
  9  5 11  5 .2380E+08  81984.24
  9  5 12  5 .7480E+08  80706.56
  9  5 13  5 .4949E+09  79824.90
  9  6  0  6 .2027E+08 113369.62
  9  6  1  6 .5685E+08 109330.10
  9  6  2  6 .3607E+08 105523.18
  9  6  3  6 .4788E+05 101945.20
  9  6  4  6 .3488E+08  98594.02
  9  6  5  6 .2796E+08  95469.61
  9  6  6  6 .1345E+07  92574.61
  9  6  7  6 .4102E+08  89914.84
  9  6  8  6 .2116E+08  87499.68
  9  6  9  6 .5033E+07  85343.17
  9  6 10  6 .4901E+08  83465.62
  9  6 11  6 .2327E+08  81895.84
  9  6 12  6 .1106E+09  80674.96
  9  6 13  6 .4058E+09  79865.35
  9  7  0  7 .2027E+08 112806.68
  9  7  1  7 .5611E+08 108806.81
  9  7  2  7 .3477E+08 105038.57
  9  7  3  7 .9852E+05 101498.79
  9  7  4  7 .3473E+08  98185.49
  9  7  5  7 .2689E+08  95099.31
  9  7  6  7 .1473E+07  92243.30
  9  7  7  7 .4030E+08  89623.81
  9  7  8  7 .2088E+08  87251.11
  9  7  9  7 .4432E+07  85140.11
  9  7 10  7 .4665E+08  83312.79
  9  7 11  7 .2175E+08  81800.19
  9  7 12  7 .1632E+09  80647.64
  9  7 13  7 .2794E+09  79927.40
  9  8  0  8 .2027E+08 112175.36
  9  8  1  8 .5522E+08 108219.32
  9  8  2  8 .3326E+08 104494.97
  9  8  3  8 .1802E+06 100998.21
  9  8  4  8 .3452E+08  97728.03
  9  8  5  8 .2565E+08  94684.95
  9  8  6  8 .1630E+07  91873.19
  9  8  7  8 .3946E+08  89299.43
  9  8  8  8 .2052E+08  86975.01
  9  8  9  8 .3786E+07  84916.30
  9  8 10  8 .4383E+08  83146.66
  9  8 11  8 .1873E+08  81700.81
  9  8 12  8 .2369E+09  80629.08
  9  9  0  9 .2024E+08 111478.34
  9  9  1  9 .5417E+08 107572.03
  9  9  2  9 .3154E+08 103895.51
  9  9  3  9 .3033E+06 100446.48
  9  9  4  9 .3423E+08  97223.88
  9  9  5  9 .2423E+08  94229.10
  9  9  6  9 .1820E+07  91466.64
  9  9  7  9 .3848E+08  88944.27
  9  9  8  9 .2008E+08  86674.23
  9  9  9  9 .3113E+07  84674.42
  9  9 10  9 .4056E+08  82970.91
  9  9 11  9 .1375E+08  81601.67
  9  9 12  9 .3317E+09  80625.70
  9 10  0 10 .2020E+08 110720.22
  9 10  1 10 .5292E+08 106867.24
  9 10  2 10 .2960E+08 103243.61
  9 10  3 10 .4799E+06  99847.01
  9 10  4 10 .3385E+08  96676.58
  9 10  5 10 .2264E+08  93734.82
  9 10  6 10 .2047E+07  91026.68
  9 10  7 10 .3735E+08  88560.92
  9 10  8 10 .1955E+08  86351.23
  9 10  9 10 .2431E+07  84417.51
  9 10 10 10 .3690E+08  82788.35
  9 10 11 10 .6975E+07  81507.40
  9 10 12 10 .4298E+09  80646.43
  9 11  0 11 .2011E+08 109904.13
  9 11  1 11 .5143E+08 106109.04
  9 11  2 11 .2744E+08 102542.58
  9 11  3 11 .7225E+06  99202.33
  9 11  4 11 .3333E+08  96088.68
  9 11  5 11 .2087E+08  93204.48
  9 11  6 11 .2313E+07  90555.56
  9 11  7 11 .3604E+08  88152.05
  9 11  8 11 .1892E+08  86009.12
  9 11  9 11 .1767E+07  84148.51
  9 11 10 11 .3300E+08  82603.46
  9 11 11 11 .7536E+06  81424.01
  9 12  0 12 .1997E+08 109033.68
  9 12  1 12 .4964E+08 105300.85
  9 12  2 12 .2506E+08 101795.14
  9 12  3 12 .1044E+07  98515.51
  9 12  4 12 .3261E+08  95462.81
  9 12  5 12 .1891E+08  92640.52
  9 12  6 12 .2620E+07  90055.92
  9 12  7 12 .3451E+08  87719.97
  9 12  8 12 .1817E+08  85650.25
  9 12  9 12 .1150E+07  83871.06
  9 12 10 12 .2924E+08  82420.30
  9 12 11 12 .4051E+07  81359.18
  9 13  0 13 .1971E+08 108111.85
  9 13  1 13 .4751E+08 104444.61
  9 13  2 13 .2242E+08 101003.57
  9 13  3 13 .1449E+07  97788.59
  9 13  4 13 .3165E+08  94801.06
  9 13  5 13 .1677E+08  92045.45
  9 13  6 13 .2963E+07  89529.85
  9 13  7 13 .3272E+08  87267.45
  9 13  8 13 .1726E+08  85277.22
  9 13  9 13 .6205E+06  83588.03
  9 13 10 13 .2640E+08  82244.06
  9 14  0 14 .1932E+08 107141.46
  9 14  1 14 .4484E+08 103542.98
  9 14  2 14 .1958E+08 100170.33
  9 14  3 14 .1955E+07  97023.81
  9 14  4 14 .3031E+08  94105.50
  9 14  5 14 .1445E+08  91420.69
  9 14  6 14 .3336E+07  88979.16
  9 14  7 14 .3059E+08  86795.77
  9 14  8 14 .1616E+08  84892.90
  9 14  9 14 .2240E+06  83303.35
  9 14 10 14 .2646E+08  82081.35
  9 15  0 15 .1867E+08 106122.80
  9 15  1 15 .4153E+08 102596.88
  9 15  2 15 .1650E+08  99296.19
  9 15  3 15 .2540E+07  96221.47
  9 15  4 15 .2846E+08  93376.15
  9 15  5 15 .1196E+08  90766.82
  9 15  6 15 .3717E+07  88404.62
  9 15  7 15 .2803E+08  86306.80
  9 15  8 15 .1480E+08  84498.77
  9 15  9 15 .1522E+05  83020.55
  9 15 10 15 .3628E+08  81941.88
 10  1  0  1 .1337E+08 116117.55
 10  1  1  1 .4456E+08 111962.30
 10  1  2  1 .4022E+08 108042.24
 10  1  3  1 .2441E+07 104352.54
 10  1  4  1 .1849E+08 100890.24
 10  1  5  1 .3460E+08  97654.34
 10  1  6  1 .2160E+07  94646.23
 10  1  7  1 .2039E+08  91869.91
 10  1  8  1 .3413E+08  89332.87
 10  1  9  1 .1439E+07  87046.41
 10  1 10  1 .2153E+08  85027.12
 10  1 11  1 .4152E+08  83298.25
 10  1 12  1 .4795E+07  81892.12
 10  1 13  1 .1584E+09  80853.74
 10  1 14  1 .2179E+09  80245.53
 10  2  0  2 .1337E+08 115939.63
 10  2  1  2 .4439E+08 111796.16
 10  2  2  2 .3983E+08 107887.69
 10  2  3  2 .2340E+07 104209.32
 10  2  4  2 .1855E+08 100758.28
 10  2  5  2 .3429E+08  97533.70
 10  2  6  2 .2079E+07  94537.00
 10  2  7  2 .2036E+08  91772.45
 10  2  8  2 .3387E+08  89247.64
 10  2  9  2 .1459E+07  86974.21
 10  2 10  2 .2107E+08  84969.21
 10  2 11  2 .4122E+08  83255.88
 10  2 12  2 .4558E+07  81867.73
 10  2 13  2 .1778E+09  80850.96
 10  2 14  2 .1767E+09  80270.86
 10  3  0  3 .1337E+08 115674.36
 10  3  1  3 .4413E+08 111548.49
 10  3  2  3 .3925E+08 107657.20
 10  3  3  3 .2191E+07 103995.76
 10  3  4  3 .1863E+08 100561.63
 10  3  5  3 .3382E+08  97353.89
 10  3  6  3 .1957E+07  94374.32
 10  3  7  3 .2030E+08  91627.37
 10  3  8  3 .3347E+08  89120.92
 10  3  9  3 .1488E+07  86866.96
 10  3 10  3 .2037E+08  84882.94
 10  3 11  3 .4074E+08  83193.35
 10  3 12  3 .4103E+07  81832.48
 10  3 13  3 .2088E+09  80848.60
 10  3 14  3 .1185E+09  80311.98
 10  4  0  4 .1336E+08 115323.85
 10  4  1  4 .4378E+08 111221.27
 10  4  2  4 .3846E+08 107352.77
 10  4  3  4 .1997E+07 103713.85
 10  4  4  4 .1874E+08 100301.97
 10  4  5  4 .3318E+08  97116.64
 10  4  6  4 .1798E+07  94159.78
 10  4  7  4 .2023E+08  91436.27
 10  4  8  4 .3293E+08  88954.19
 10  4  9  4 .1524E+07  86726.21
 10  4 10  4 .1946E+08  84770.48
 10  4 11  4 .4005E+08  83112.53
 10  4 12  4 .3330E+07  81788.30
 10  4 13  4 .2528E+09  80849.16
 10  4 14  4 .5224E+08  80374.51
 10  5  0  5 .1335E+08 114890.46
 10  5  1  5 .4332E+08 110816.72
 10  5  2  5 .3745E+08 106976.52
 10  5  3  5 .1763E+07 103365.40
 10  5  4  5 .1887E+08  99981.19
 10  5  5  5 .3236E+08  96823.64
 10  5  6  5 .1604E+07  93895.06
 10  5  7  5 .2013E+08  91200.57
 10  5  8  5 .3223E+08  88748.95
 10  5  9  5 .1566E+07  86553.45
 10  5 10  5 .1833E+08  84633.17
 10  5 11  5 .3912E+08  83015.07
 10  5 12  5 .2175E+07  81737.39
 10  5 13  5 .3097E+09  80855.73
 10  6  0  6 .1333E+08 114377.38
 10  6  1  6 .4273E+08 110337.86
 10  6  2  6 .3622E+08 106530.94
 10  6  3  6 .1498E+07 102952.96
 10  6  4  6 .1901E+08  99601.78
 10  6  5  6 .3136E+08  96477.37
 10  6  6  6 .1381E+07  93582.37
 10  6  7  6 .2001E+08  90922.60
 10  6  8  6 .3137E+08  88507.44
 10  6  9  6 .1611E+07  86350.93
 10  6 10  6 .1700E+08  84473.38
 10  6 11  6 .3793E+08  82903.60
 10  6 12  6 .7877E+06  81682.72
 10  6 13  6 .3732E+09  80873.11
 10  7  0  7 .1330E+08 113787.25
 10  7  1  7 .4200E+08 109787.38
 10  7  2  7 .3475E+08 106019.14
 10  7  3  7 .1210E+07 102479.36
 10  7  4  7 .1916E+08  99166.06
 10  7  5  7 .3015E+08  96079.88
 10  7  6  7 .1135E+07  93223.87
 10  7  7  7 .1985E+08  90604.38
 10  7  8  7 .3034E+08  88231.68
 10  7  9  7 .1656E+07  86120.68
 10  7 10  7 .1547E+08  84293.36
 10  7 11  7 .3649E+08  82780.76
 10  7 12  7 .4867E+04  81628.21
 10  7 13  7 .4197E+09  80907.97
 10  8  0  8 .1325E+08 113124.43
 10  8  1  8 .4109E+08 109168.39
 10  8  2  8 .3303E+08 105444.04
 10  8  3  8 .9151E+06 101947.28
 10  8  4  8 .1930E+08  98677.10
 10  8  5  8 .2871E+08  95634.02
 10  8  6  8 .8789E+06  92822.26
 10  8  7  8 .1965E+08  90248.50
 10  8  8  8 .2912E+08  87924.08
 10  8  9  8 .1699E+07  85865.37
 10  8 10  8 .1377E+08  84095.73
 10  8 11  8 .3488E+08  82649.88
 10  8 12  8 .2546E+07  81578.15
 10  9  0  9 .1312E+08 112391.32
 10  9  1  9 .4005E+08 108485.01
 10  9  2  9 .3104E+08 104808.49
 10  9  3  9 .6180E+06 101359.46
 10  9  4  9 .1934E+08  98136.86
 10  9  5  9 .2709E+08  95142.08
 10  9  6  9 .6190E+06  92379.62
 10  9  7  9 .1937E+08  89857.25
 10  9  8  9 .2769E+08  87587.21
 10  9  9  9 .1735E+07  85587.40
 10  9 10  9 .1192E+08  83883.89
 10  9 11  9 .3335E+08  82514.65
 10  9 12  9 .1584E+08  81538.68
 10 10  0 10 .1299E+08 111592.11
 10 10  1 10 .3865E+08 107739.13
 10 10  2 10 .2876E+08 104115.50
 10 10  3 10 .3618E+06 100718.90
 10 10  4 10 .1937E+08  97548.47
 10 10  5 10 .2513E+08  94606.71
 10 10  6 10 .3831E+06  91898.57
 10 10  7 10 .1900E+08  89432.81
 10 10  8 10 .2603E+08  87223.12
 10 10  9 10 .1761E+07  85289.40
 10 10 10 10 .9956E+07  83660.24
 10 10 11 10 .3248E+08  82379.29
 10 10 12 10 .5795E+08  81518.32
 10 11  0 11 .1276E+08 110729.34
 10 11  1 11 .3694E+08 106934.25
 10 11  2 11 .2617E+08 103367.79
 10 11  3 11 .1550E+06 100027.54
 10 11  4 11 .1924E+08  96913.89
 10 11  5 11 .2289E+08  94029.69
 10 11  6 11 .1843E+06  91380.77
 10 11  7 11 .1849E+08  88977.26
 10 11  8 11 .2411E+08  86834.33
 10 11  9 11 .1767E+07  84973.72
 10 11 10 11 .7912E+07  83428.67
 10 11 11 11 .3375E+08  82249.22
 10 12  0 12 .1240E+08 109805.71
 10 12  1 12 .3477E+08 106072.88
 10 12  2 12 .2322E+08 102567.17
 10 12  3 12 .2740E+05  99287.54
 10 12  4 12 .1887E+08  96234.84
 10 12  5 12 .2032E+08  93412.55
 10 12  6 12 .4789E+05  90827.95
 10 12  7 12 .1776E+08  88492.00
 10 12  8 12 .2187E+08  86422.28
 10 12  9 12 .1744E+07  84643.09
 10 12 10 12 .5841E+07  83192.33
 10 12 11 12 .4152E+08  82131.21
 10 13  0 13 .1183E+08 108822.72
 10 13  1 13 .3194E+08 105155.48
 10 13  2 13 .1988E+08 101714.44
 10 13  3 13 .6305E+04  98499.46
 10 13  4 13 .1810E+08  95511.93
 10 13  5 13 .1736E+08  92756.32
 10 13  6 13 .1092E+03  90240.72
 10 13  7 13 .1670E+08  87978.32
 10 13  8 13 .1923E+08  85988.09
 10 13  9 13 .1672E+07  84298.90
 10 13 10 13 .3783E+07  82954.93
 11  1  0  1 .8683E+07 117031.03
 11  1  1  1 .3222E+08 112875.78
 11  1  2  1 .3547E+08 108955.72
 11  1  3  1 .5862E+07 105266.02
 11  1  4  1 .7927E+07 101803.72
 11  1  5  1 .2898E+08  98567.82
 11  1  6  1 .8128E+07  95559.71
 11  1  7  1 .6036E+07  92783.39
 11  1  8  1 .2895E+08  90246.35
 11  1  9  1 .1054E+08  87959.89
 11  1 10  1 .2882E+07  85940.60
 11  1 11  1 .2588E+08  84211.73
 11  1 12  1 .2621E+08  82805.60
 11  1 13  1 .8352E+07  81767.22
 11  1 14  1 .3912E+09  81159.01
 11  2  0  2 .8681E+07 116844.54
 11  2  1  2 .3203E+08 112701.07
 11  2  2  2 .3503E+08 108792.60
 11  2  3  2 .5675E+07 105114.23
 11  2  4  2 .8007E+07 101663.19
 11  2  5  2 .2873E+08  98438.61
 11  2  6  2 .7885E+07  95441.91
 11  2  7  2 .6085E+07  92677.36
 11  2  8  2 .2867E+08  90152.55
 11  2  9  2 .1040E+08  87879.12
 11  2 10  2 .2793E+07  85874.12
 11  2 11  2 .2530E+08  84160.79
 11  2 12  2 .2627E+08  82772.64
 11  2 13  2 .1085E+08  81755.87
 11  2 14  2 .3831E+09  81175.77
 11  3  0  3 .8664E+07 116566.34
 11  3  1  3 .3174E+08 112440.47
 11  3  2  3 .3437E+08 108549.18
 11  3  3  3 .5390E+07 104887.74
 11  3  4  3 .8128E+07 101453.61
 11  3  5  3 .2831E+08  98245.87
 11  3  6  3 .7534E+07  95266.30
 11  3  7  3 .6165E+07  92519.35
 11  3  8  3 .2824E+08  90012.90
 11  3  9  3 .1018E+08  87758.94
 11  3 10  3 .2663E+07  85774.92
 11  3 11  3 .2444E+08  84085.33
 11  3 12  3 .2639E+08  82724.46
 11  3 13  3 .1579E+08  81740.58
 11  3 14  3 .3533E+09  81203.96
 11  4  0  4 .8633E+07 116198.46
 11  4  1  4 .3134E+08 112095.88
 11  4  2  4 .3349E+08 108227.38
 11  4  3  4 .5012E+07 104588.46
 11  4  4  4 .8288E+07 101176.58
 11  4  5  4 .2773E+08  97991.25
 11  4  6  4 .7074E+07  95034.39
 11  4  7  4 .6276E+07  92310.88
 11  4  8  4 .2765E+08  89828.80
 11  4  9  4 .9892E+07  87600.82
 11  4 10  4 .2497E+07  85645.09
 11  4 11  4 .2328E+08  83987.14
 11  4 12  4 .2659E+08  82662.91
 11  4 13  4 .2522E+08  81723.77
 11  4 14  4 .2668E+09  81249.12
 11  5  0  5 .8583E+07 115743.09
 11  5  1  5 .3080E+08 111669.35
 11  5  2  5 .3235E+08 107829.15
 11  5  3  5 .4549E+07 104218.03
 11  5  4  5 .8481E+07 100833.82
 11  5  5  5 .2697E+08  97676.27
 11  5  6  5 .6509E+07  94747.69
 11  5  7  5 .6413E+07  92053.20
 11  5  8  5 .2689E+08  89601.58
 11  5  9  5 .9514E+07  87406.08
 11  5 10  5 .2299E+07  85485.80
 11  5 11  5 .2182E+08  83867.70
 11  5 12  5 .2699E+08  82590.02
 11  5 13  5 .4330E+08  81708.36
 11  6  0  6 .8507E+07 115203.19
 11  6  1  6 .3012E+08 111163.67
 11  6  2  6 .3095E+08 107356.75
 11  6  3  6 .4010E+07 103778.77
 11  6  4  6 .8700E+07 100427.59
 11  6  5  6 .2601E+08  97303.18
 11  6  6  6 .5844E+07  94408.18
 11  6  7  6 .6573E+07  91748.41
 11  6  8  6 .2593E+08  89333.25
 11  6  9  6 .9043E+07  87176.74
 11  6 10  6 .2074E+07  85299.19
 11  6 11  6 .2007E+08  83729.41
 11  6 12  6 .2782E+08  82508.53
 11  6 13  6 .7787E+08  81698.92
 11  7  0  7 .8396E+07 114581.10
 11  7  1  7 .2923E+08 110581.23
 11  7  2  7 .2926E+08 106812.99
 11  7  3  7 .3410E+07 103273.21
 11  7  4  7 .8929E+07  99959.91
 11  7  5  7 .2480E+08  96873.73
 11  7  6  7 .5090E+07  94017.72
 11  7  7  7 .6747E+07  91398.23
 11  7  8  7 .2477E+08  89025.53
 11  7  9  7 .8471E+07  86914.53
 11  7 10  7 .1830E+07  85087.21
 11  7 11  7 .1803E+08  83574.61
 11  7 12  7 .2968E+08  82422.06
 11  7 13  7 .1416E+09  81701.82
 11  8  0  8 .8233E+07 113880.72
 11  8  1  8 .2810E+08 109924.68
 11  8  2  8 .2724E+08 106200.33
 11  8  3  8 .2767E+07 102703.57
 11  8  4  8 .9141E+07  99433.39
 11  8  5  8 .2332E+08  96390.31
 11  8  6  8 .4263E+07  93578.55
 11  8  7  8 .6917E+07  91004.79
 11  8  8  8 .2334E+08  88680.37
 11  8  9  8 .7789E+07  86621.66
 11  8 10  8 .1573E+07  84852.02
 11  8 11  8 .1570E+08  83406.17
 11  8 12  8 .3396E+08  82334.44
 11  9  0  9 .7989E+07 113103.71
 11  9  1  9 .2664E+08 109197.40
 11  9  2  9 .2484E+08 105520.88
 11  9  3  9 .2107E+07 102071.85
 11  9  4  9 .9291E+07  98849.25
 11  9  5  9 .2150E+08  95854.47
 11  9  6  9 .3386E+07  93092.01
 11  9  7  9 .7052E+07  90569.64
 11  9  8  9 .2162E+08  88299.60
 11  9  9  9 .6986E+07  86299.79
 11  9 10  9 .1308E+07  84596.28
 11  9 11  9 .1308E+08  83227.04
 11  9 12  9 .4458E+08  82251.07
 11 10  0 10 .7618E+07 112253.17
 11 10  1 10 .2470E+08 108400.19
 11 10  2 10 .2198E+08 104776.56
 11 10  3 10 .1462E+07 101379.96
 11 10  4 10 .9300E+07  98209.53
 11 10  5 10 .1924E+08  95267.77
 11 10  6 10 .2491E+07  92559.63
 11 10  7 10 .7096E+07  90093.87
 11 10  8 10 .1949E+08  87884.18
 11 10  9 10 .6044E+07  85950.46
 11 10 10 10 .1043E+07  84321.30
 11 10 11 10 .1016E+08  83040.35
 11 10 12 10 .7508E+08  82179.38
 12  1  0  1 .5386E+07 117749.38
 12  1  1  1 .2142E+08 113594.13
 12  1  2  1 .2695E+08 109674.07
 12  1  3  1 .7189E+07 105984.37
 12  1  4  1 .2749E+07 102522.07
 12  1  5  1 .1988E+08  99286.17
 12  1  6  1 .1049E+08  96278.06
 12  1  7  1 .8581E+06  93501.74
 12  1  8  1 .1781E+08  90964.70
 12  1  9  1 .1409E+08  88678.24
 12  1 10  1 .5859E+05  86658.95
 12  1 11  1 .1017E+08  84930.08
 12  1 12  1 .1848E+08  83523.95
 12  1 13  1 .2231E+08  82485.57
 12  1 14  1 .2342E+09  81877.36
 12  2  0  2 .5349E+07 117552.61
 12  2  1  2 .2117E+08 113409.14
 12  2  2  2 .2645E+08 109500.67
 12  2  3  2 .6915E+07 105822.30
 12  2  4  2 .2815E+07 102371.26
 12  2  5  2 .1961E+08  99146.68
 12  2  6  2 .1014E+08  96149.98
 12  2  7  2 .9080E+06  93385.43
 12  2  8  2 .1759E+08  90860.62
 12  2  9  2 .1375E+08  88587.19
 12  2 10  2 .5499E+05  86582.19
 12  2 11  2 .9867E+07  84868.86
 12  2 12  2 .1794E+08  83480.71
 12  2 13  2 .2389E+08  82463.94
 12  2 14  2 .2617E+09  81883.84
 12  3  0  3 .5288E+07 117258.80
 12  3  1  3 .2078E+08 113132.93
 12  3  2  3 .2567E+08 109241.64
 12  3  3  3 .6506E+07 105580.20
 12  3  4  3 .2912E+07 102146.07
 12  3  5  3 .1919E+08  98938.33
 12  3  6  3 .9616E+07  95958.76
 12  3  7  3 .9846E+06  93211.81
 12  3  8  3 .1724E+08  90705.36
 12  3  9  3 .1323E+08  88451.40
 12  3 10  3 .4944E+05  86467.38
 12  3 11  3 .9412E+07  84777.79
 12  3 12  3 .1710E+08  83416.92
 12  3 13  3 .2676E+08  82433.04
 12  3 14  3 .2995E+09  81896.42
 12  4  0  4 .5198E+07 116869.75
 12  4  1  4 .2021E+08 112767.17
 12  4  2  4 .2459E+08 108898.67
 12  4  3  4 .5969E+07 105259.75
 12  4  4  4 .3035E+07 101847.87
 12  4  5  4 .1859E+08  98662.54
 12  4  6  4 .8913E+07  95705.68
 12  4  7  4 .1089E+07  92982.17
 12  4  8  4 .1674E+08  90500.09
 12  4  9  4 .1252E+08  88272.11
 12  4 10  4 .4190E+05  86316.38
 12  4 11  4 .8813E+07  84658.43
 12  4 12  4 .1596E+08  83334.20
 12  4 13  4 .3192E+08  82395.06
 12  4 14  4 .3171E+09  81920.41
 12  5  0  5 .5070E+07 116387.24
 12  5  1  5 .1944E+08 112313.50
 12  5  2  5 .2318E+08 108473.30
 12  5  3  5 .5313E+07 104862.18
 12  5  4  5 .3176E+07 101477.97
 12  5  5  5 .1779E+08  98320.42
 12  5  6  5 .8031E+07  95391.84
 12  5  7  5 .1220E+07  92697.35
 12  5  8  5 .1606E+08  90245.73
 12  5  9  5 .1161E+08  88050.23
 12  5 10  5 .3253E+05  86129.95
 12  5 11  5 .8073E+07  84511.85
 12  5 12  5 .1448E+08  83234.17
 12  5 13  5 .4165E+08  82352.51
 12  6  0  6 .4828E+07 115813.65
 12  6  1  6 .1843E+08 111774.13
 12  6  2  6 .2146E+08 107967.21
 12  6  3  6 .4508E+07 104389.23
 12  6  4  6 .3326E+07 101038.05
 12  6  5  6 .1659E+08  97913.64
 12  6  6  6 .7052E+07  95018.64
 12  6  7  6 .1393E+07  92358.87
 12  6  8  6 .1513E+08  89943.71
 12  6  9  6 .1048E+08  87787.20
 12  6 10  6 .2191E+05  85909.65
 12  6 11  6 .7195E+07  84339.87
 12  6 12  6 .1262E+08  83118.99
 12  6 13  6 .6187E+08  82309.38
 12  7  0  7 .4568E+07 115150.31
 12  7  1  7 .1697E+08 111150.44
 12  7  2  7 .1914E+08 107382.20
 12  7  3  7 .3662E+07 103842.42
 12  7  4  7 .3426E+07 100529.12
 12  7  5  7 .1517E+08  97442.94
 12  7  6  7 .5803E+07  94586.93
 12  7  7  7 .1550E+07  91967.44
 12  7  8  7 .1390E+08  89594.74
 12  7  9  7 .9110E+07  87483.74
 12  7 10  7 .1123E+05  85656.42
 12  7 11  7 .6175E+07  84143.82
 12  7 12  7 .1032E+08  82991.27
 12  7 13  7 .1110E+09  82271.03
 13  1  0  1 .2639E+07 118230.82
 13  1  1  1 .1101E+08 114075.57
 13  1  2  1 .1503E+08 110155.51
 13  1  3  1 .5099E+07 106465.81
 13  1  4  1 .7255E+06 103003.51
 13  1  5  1 .9986E+07  99767.61
 13  1  6  1 .7373E+07  96759.50
 13  1  7  1 .1150E+05  93983.18
 13  1  8  1 .7852E+07  91446.14
 13  1  9  1 .9472E+07  89159.68
 13  1 10  1 .8960E+06  87140.39
 13  1 11  1 .2711E+07  85411.52
 13  1 12  1 .8543E+07  84005.39
 13  1 13  1 .6892E+07  82967.01
 13  1 14  1 .1315E+09  82358.80
 13  2  0  2 .2537E+07 118020.03
 13  2  1  2 .1052E+08 113876.56
 13  2  2  2 .1423E+08 109968.09
 13  2  3  2 .4720E+07 106289.72
 13  2  4  2 .7466E+06 102838.68
 13  2  5  2 .9550E+07  99614.10
 13  2  6  2 .6868E+07  96617.40
 13  2  7  2 .2078E+05  93852.85
 13  2  8  2 .7552E+07  91328.04
 13  2  9  2 .8902E+07  89054.61
 13  2 10  2 .8074E+06  87049.61
 13  2 11  2 .2583E+07  85336.28
 13  2 12  2 .7994E+07  83948.13
 13  2 13  2 .6332E+07  82931.36
 13  2 14  2 .1644E+09  82351.26
